20130317  0  0   101
20130317  0  5   125
20130317  0 10   164
20130317  0 15   168
20130317  0 20   172
20130317  0 25   196
20130317  0 30   177
20130317  0 35   173
20130317  0 40   186
20130317  0 45   174
20130317  0 50   175
20130317  0 55   165
20130317  1  0   154
20130317  1  5   146
20130317  1 10   150
20130317  1 15   192
20130317  1 20   179
20130317  1 25   163
20130317  1 30   143
20130317  1 35   115
20130317  1 40   100
20130317  1 45    97
20130317  1 50    91
20130317  1 55    60
20130317  2  0    47
20130317  2  5    43
20130317  2 10    41
20130317  2 15    44
20130317  2 20    44
20130317  2 25    39
20130317  2 30    35
20130317  2 35    33
20130317  2 40    36
20130317  2 45    39
20130317  2 50    46
20130317  2 55    50
20130317  3  0    50
20130317  3  5    45
20130317  3 10    44
20130317  3 15    44
20130317  3 20    41
20130317  3 25    44
20130317  3 30    44
20130317  3 35    36
20130317  3 40    37
20130317  3 45    39
20130317  3 50    41
20130317  3 55    43
20130317  4  0    42
20130317  4  5    42
20130317  4 10    50
20130317  4 15    48
20130317  4 20    48
20130317  4 25    52
20130317  4 30    48
20130317  4 35    56
20130317  4 40    54
20130317  4 45    50
20130317  4 50    51
20130317  4 55    68
20130317  5  0    78
20130317  5  5    79
20130317  5 10    97
20130317  5 15   111
20130317  5 20   180
20130317  5 25   170
20130317  5 30   139
20130317  5 35   107
20130317  5 40    80
20130317  5 45    76
20130317  5 50    95
20130317  5 55   119
20130317  6  0   375
20130317  6  5   779
20130317  6 10   946
20130317  6 15   694
20130317  6 20   477
20130317  6 25   396
20130317  6 30   410
20130317  6 35   646
20130317  6 40  1061
20130317  6 45  1190
20130317  6 50  1166
20130317  6 55  1231
20130317  7  0  1295
20130317  7  5  1204
20130317  7 10  1256
20130317  7 15  1244
20130317  7 20  1104
20130317  7 25  1017
20130317  7 30  1052
20130317  7 35   906
20130317  7 40  1083
20130317  7 45   958
20130317  7 50   738
20130317  7 55   857
20130317  8  0   940
20130317  8  5   954
20130317  8 10   948
20130317  8 15  1033
20130317  8 20  1002
20130317  8 25  1133
20130317  8 30  1168
20130317  8 35  1133
20130317  8 40   812
20130317  8 45   844
20130317  8 50   989
20130317  8 55   720
20130317  9  0   515
20130317  9  5   698
20130317  9 10   585
20130317  9 15   571
20130317  9 20   540
20130317  9 25   341
20130317  9 30   436
20130317  9 35   455
20130317  9 40   465
20130317  9 45   611
20130317  9 50   753
20130317  9 55   821
20130317 10  0  1089
20130317 10  5   998
20130317 10 10   846
20130317 10 15   761
20130317 10 20   505
20130317 10 25   607
20130317 10 30   433
20130317 10 35   328
20130317 10 40   368
20130317 10 45   421
20130317 10 50   423
20130317 10 55   275
20130317 11  0   225
20130317 11  5   225
20130317 11 10   303
20130317 11 15   323
20130317 11 20   516
20130317 11 25   572
20130317 11 30   557
20130317 11 35   752
20130317 11 40   631
20130317 11 45   667
20130317 11 50   739
20130317 11 55   741
20130317 12  0   738
20130317 12  5   951
20130317 12 10  1129
20130317 12 15  1334
20130317 12 20  1139
20130317 12 25   850
20130317 12 30   874
20130317 12 35   910
20130317 12 40  1143
20130317 12 45  1064
20130317 12 50   921
20130317 12 55   780
20130317 13  0   707
20130317 13  5   648
20130317 13 10   621
20130317 13 15   544
20130317 13 20   509
20130317 13 25   501
20130317 13 30   453
20130317 13 35   486
20130317 13 40   776
20130317 13 45   845
20130317 13 50   933
20130317 13 55   992
20130317 14  0   965
20130317 14  5  1013
20130317 14 10   891
20130317 14 15   788
20130317 14 20   681
20130317 14 25   725
20130317 14 30   729
20130317 14 35   657
20130317 14 40   654
20130317 14 45   810
20130317 14 50   861
20130317 14 55   763
20130317 15  0   721
20130317 15  5   766
20130317 15 10   766
20130317 15 15   763
20130317 15 20   733
20130317 15 25   857
20130317 15 30  1015
20130317 15 35   947
20130317 15 40   880
20130317 15 45   713
20130317 15 50   783
20130317 15 55  1342
20130317 16  0  1333
20130317 16  5  1337
20130317 16 10  1292
20130317 16 15  1437
20130317 16 20  1902
20130317 16 25  2113
20130317 16 30  2034
20130317 16 35  2257
20130317 16 40  2271
20130317 16 45  2144
20130317 16 50  2413
20130317 16 55  1327
20130317 17  0  1435
20130317 17  5  1831
20130317 17 10  1518
20130317 17 15  1674
20130317 17 20  1835
20130317 17 25  1707
20130317 17 30  1679
20130317 17 35  1512
20130317 17 40  1161
20130317 17 45  1198
20130317 17 50  1113
20130317 17 55   761
20130317 18  0   727
20130317 18  5   810
20130317 18 10   745
20130317 18 15   784
20130317 18 20  1037
20130317 18 25  1067
20130317 18 30  1102
20130317 18 35  1400
20130317 18 40  1145
20130317 18 45   765
20130317 18 50   946
20130317 18 55  1162
20130317 19  0  1158
20130317 19  5  1223
20130317 19 10  1007
20130317 19 15  1121
20130317 19 20   853
20130317 19 25   896
20130317 19 30   942
20130317 19 35   924
20130317 19 40   907
20130317 19 45  1125
20130317 19 50  1094
20130317 19 55   982
20130317 20  0   850
20130317 20  5  1021
20130317 20 10   957
20130317 20 15   982
20130317 20 20  1349
20130317 20 25  1201
20130317 20 30   820
20130317 20 35   481
20130317 20 40   474
20130317 20 45   552
20130317 20 50   626
20130317 20 55   715
20130317 21  0   686
20130317 21  5   588
20130317 21 10   839
20130317 21 15   904
20130317 21 20   806
20130317 21 25   741
20130317 21 30   796
20130317 21 35   873
20130317 21 40   770
20130317 21 45   688
20130317 21 50   618
20130317 21 55   598
20130317 22  0   642
20130317 22  5   615
20130317 22 10   552
20130317 22 15   632
20130317 22 20   729
20130317 22 25   759
20130317 22 30   798
20130317 22 35   879
20130317 22 40   795
20130317 22 45   799
20130317 22 50   798
20130317 22 55   738
20130317 23  0   763
20130317 23  5   781
20130317 23 10   677
20130317 23 15   659
20130317 23 20   659
20130317 23 25   513
20130317 23 30   418
20130317 23 35   353
20130317 23 40   324
20130317 23 45   292
20130317 23 50   251
20130317 23 55   256
