#COORD
GSM
#START
2013 03 17 00 00 00 0    -1.75392344    -2.90153039    -0.09582734
2013 03 17 00 01 00 0    -1.71410966    -2.89297165    -0.09287315
2013 03 17 00 02 00 0    -1.67404683    -2.88399236    -0.08990052
2013 03 17 00 03 00 0    -1.63373457    -2.87458312    -0.08690980
2013 03 17 00 04 00 0    -1.59317258    -2.86473420    -0.08390138
2013 03 17 00 05 00 0    -1.55236065    -2.85443556    -0.08087567
2013 03 17 00 06 00 0    -1.51129861    -2.84367679    -0.07783310
2013 03 17 00 07 00 0    -1.46998651    -2.83244712    -0.07477412
2013 03 17 00 08 00 0    -1.42842441    -2.82073541    -0.07169923
2013 03 17 00 09 00 0    -1.38661253    -2.80853009    -0.06860892
2013 03 17 00 10 00 0    -1.34455122    -2.79581917    -0.06550375
2013 03 17 00 11 00 0    -1.30224098    -2.78259025    -0.06238428
2013 03 17 00 12 00 0    -1.25968247    -2.76883042    -0.05925111
2013 03 17 00 13 00 0    -1.21687653    -2.75452633    -0.05610490
2013 03 17 00 14 00 0    -1.17382421    -2.73966407    -0.05294632
2013 03 17 00 15 00 0    -1.13052676    -2.72422925    -0.04977608
2013 03 17 00 16 00 0    -1.08698567    -2.70820687    -0.04659495
2013 03 17 00 17 00 0    -1.04320267    -2.69158136    -0.04340374
2013 03 17 00 18 00 0    -0.99917984    -2.67433654    -0.04020329
2013 03 17 00 19 00 0    -0.95491952    -2.65645557    -0.03699451
2013 03 17 00 20 00 0    -0.91042440    -2.63792092    -0.03377836
2013 03 17 00 21 00 0    -0.86569754    -2.61871434    -0.03055585
2013 03 17 00 22 00 0    -0.82074243    -2.59881683    -0.02732808
2013 03 17 00 23 00 0    -0.77556302    -2.57820859    -0.02409617
2013 03 17 00 24 00 0    -0.73016375    -2.55686899    -0.02086135
2013 03 17 00 25 00 0    -0.68454962    -2.53477651    -0.01762490
2013 03 17 00 26 00 0    -0.63872622    -2.51190871    -0.01438821
2013 03 17 00 27 00 0    -0.59269982    -2.48824218    -0.01115274
2013 03 17 00 28 00 0    -0.54647744    -2.46375247    -0.00792004
2013 03 17 00 29 00 0    -0.50006687    -2.43841406    -0.00469176
2013 03 17 00 30 00 0    -0.45347688    -2.41220032    -0.00146968
2013 03 17 00 31 00 0    -0.40671715    -2.38508341     0.00174431
2013 03 17 00 32 00 0    -0.35979848    -2.35703425     0.00494821
2013 03 17 00 33 00 0    -0.31273288    -2.32802245     0.00813987
2013 03 17 00 34 00 0    -0.26553369    -2.29801624     0.01131698
2013 03 17 00 35 00 0    -0.21821575    -2.26698243     0.01447710
2013 03 17 00 36 00 0    -0.17079550    -2.23488633     0.01761757
2013 03 17 00 37 00 0    -0.12329124    -2.20169169     0.02073559
2013 03 17 00 38 00 0    -0.07572326    -2.16736063     0.02382812
2013 03 17 00 39 00 0    -0.02811409    -2.13185358     0.02689191
2013 03 17 00 40 00 0     0.01951129    -2.09512924     0.02992347
2013 03 17 00 41 00 0     0.06712504    -2.05714456     0.03291905
2013 03 17 00 42 00 0     0.11469636    -2.01785462     0.03587459
2013 03 17 00 43 00 0     0.16219100    -1.97721264     0.03878577
2013 03 17 00 44 00 0     0.20957093    -1.93517003     0.04164787
2013 03 17 00 45 00 0     0.25679392    -1.89167630     0.04445585
2013 03 17 00 46 00 0     0.30381303    -1.84667918     0.04720425
2013 03 17 00 47 00 0     0.35057614    -1.80012467     0.04988717
2013 03 17 00 48 00 0     0.39702533    -1.75195719     0.05249827
2013 03 17 00 49 00 0     0.44309627    -1.70211970     0.05503066
2013 03 17 00 50 00 0     0.48871753    -1.65055406     0.05747692
2013 03 17 00 51 00 0     0.53380982    -1.59720125     0.05982904
2013 03 17 00 52 00 0     0.57828510    -1.54200204     0.06207837
2013 03 17 00 53 00 0     0.62204585    -1.48489734     0.06421557
2013 03 17 00 54 00 0     0.66498407    -1.42582914     0.06623060
2013 03 17 00 55 00 0     0.70698033    -1.36474143     0.06811263
2013 03 17 00 56 00 0     0.74790285    -1.30158137     0.06985005
2013 03 17 00 57 00 0     0.78760656    -1.23630080     0.07143046
2013 03 17 00 58 00 0     0.82593226    -1.16885802     0.07284060
2013 03 17 00 59 00 0     0.86270596    -1.09921991     0.07406644
2013 03 17 01 00 00 0     0.89773840    -1.02736447     0.07509314
2013 03 17 01 01 00 0     0.93082492    -0.95328371     0.07590520
2013 03 17 01 02 00 0     0.96174593    -0.87698693     0.07648654
2013 03 17 01 03 00 0     0.99026778    -0.79850457     0.07682067
2013 03 17 01 04 00 0     1.01614472    -0.71789183     0.07689095
2013 03 17 01 05 00 0     1.03912170    -0.63523288     0.07668088
2013 03 17 01 06 00 0     1.05893834    -0.55064476     0.07617451
2013 03 17 01 07 00 0     1.07533417    -0.46428084     0.07535686
2013 03 17 01 08 00 0     1.08805519    -0.37633347     0.07421451
2013 03 17 01 09 00 0     1.09686162    -0.28703542     0.07273612
2013 03 17 01 10 00 0     1.10153651    -0.19665954     0.07091310
2013 03 17 01 11 00 0     1.10189485    -0.10551639     0.06874008
2013 03 17 01 12 00 0     1.09779248    -0.01394940     0.06621550
2013 03 17 01 13 00 0     1.08913404     0.07767229     0.06334194
2013 03 17 01 14 00 0     1.07587915     0.16896321     0.06012629
2013 03 17 01 15 00 0     1.05804611     0.25953227     0.05657977
2013 03 17 01 16 00 0     1.03571261     0.34899482     0.05271761
2013 03 17 01 17 00 0     1.00901339     0.43698398     0.04855867
2013 03 17 01 18 00 0     0.97813481     0.52316111     0.04412474
2013 03 17 01 19 00 0     0.94330724     0.60722430     0.03943980
2013 03 17 01 20 00 0     0.90479563     0.68891446     0.03452923
2013 03 17 01 21 00 0     0.86288948     0.76801866     0.02941901
2013 03 17 01 22 00 0     0.81789282     0.84437096     0.02413502
2013 03 17 01 23 00 0     0.77011498     0.91785102     0.01870239
2013 03 17 01 24 00 0     0.71986261     0.98838093     0.01314508
2013 03 17 01 25 00 0     0.66743314     1.05592094     0.00748549
2013 03 17 01 26 00 0     0.61311006     1.12046431     0.00174426
2013 03 17 01 27 00 0     0.55715923     1.18203231    -0.00405984
2013 03 17 01 28 00 0     0.49982694     1.24066896    -0.00990997
2013 03 17 01 29 00 0     0.44133887     1.29643632    -0.01579113
2013 03 17 01 30 00 0     0.38189991     1.34941018    -0.02169007
2013 03 17 01 31 00 0     0.32169464     1.39967638    -0.02759522
2013 03 17 01 32 00 0     0.26088827     1.44732761    -0.03349650
2013 03 17 01 33 00 0     0.19962783     1.49246087    -0.03938521
2013 03 17 01 34 00 0     0.13804357     1.53517527    -0.04525385
2013 03 17 01 35 00 0     0.07625039     1.57557043    -0.05109604
2013 03 17 01 36 00 0     0.01434923     1.61374517    -0.05690631
2013 03 17 01 37 00 0    -0.04757135     1.64979639    -0.06268005
2013 03 17 01 38 00 0    -0.10943411     1.68381857    -0.06841337
2013 03 17 01 39 00 0    -0.17117173     1.71590306    -0.07410301
2013 03 17 01 40 00 0    -0.23272572     1.74613784    -0.07974626
2013 03 17 01 41 00 0    -0.29404542     1.77460725    -0.08534088
2013 03 17 01 42 00 0    -0.35508708     1.80139189    -0.09088501
2013 03 17 01 43 00 0    -0.41581299     1.82656861    -0.09637718
2013 03 17 01 44 00 0    -0.47619083     1.85021052    -0.10181618
2013 03 17 01 45 00 0    -0.53619294     1.87238705    -0.10720106
2013 03 17 01 46 00 0    -0.59579581     1.89316407    -0.11253109
2013 03 17 01 47 00 0    -0.65497955     1.91260405    -0.11780574
2013 03 17 01 48 00 0    -0.71372736     1.93076610    -0.12302460
2013 03 17 01 49 00 0    -0.77202529     1.94770625    -0.12818741
2013 03 17 01 50 00 0    -0.82986182     1.96347749    -0.13329403
2013 03 17 01 51 00 0    -0.88722752     1.97813000    -0.13834441
2013 03 17 01 52 00 0    -0.94411487     1.99171126    -0.14333857
2013 03 17 01 53 00 0    -1.00051792     2.00426623    -0.14827659
2013 03 17 01 54 00 0    -1.05643218     2.01583746    -0.15315863
2013 03 17 01 55 00 0    -1.11185439     2.02646525    -0.15798486
2013 03 17 01 56 00 0    -1.16678237     2.03618779    -0.16275552
2013 03 17 01 57 00 0    -1.22121490     2.04504124    -0.16747086
2013 03 17 01 58 00 0    -1.27515155     2.05305992    -0.17213116
2013 03 17 01 59 00 0    -1.32859268     2.06027637    -0.17673671
2013 03 17 02 00 00 0    -1.38153914     2.06672145    -0.18128782
2013 03 17 02 01 00 0    -1.43399242     2.07242450    -0.18578482
2013 03 17 02 02 00 0    -1.48595447     2.07741335    -0.19022803
2013 03 17 02 03 00 0    -1.53742760     2.08171449    -0.19461778
2013 03 17 02 04 00 0    -1.58841450     2.08535309    -0.19895442
2013 03 17 02 05 00 0    -1.63891813     2.08835309    -0.20323827
2013 03 17 02 06 00 0    -1.68894172     2.09073730    -0.20746967
2013 03 17 02 07 00 0    -1.73848869     2.09252745    -0.21164895
2013 03 17 02 08 00 0    -1.78756266     2.09374425    -0.21577644
2013 03 17 02 09 00 0    -1.83616738     2.09440743    -0.21985246
2013 03 17 02 10 00 0    -1.88430678     2.09453583    -0.22387732
2013 03 17 02 11 00 0    -1.93198475     2.09414745    -0.22785135
2013 03 17 02 12 00 0    -1.97920541     2.09325947    -0.23177484
2013 03 17 02 13 00 0    -2.02597286     2.09188830    -0.23564809
2013 03 17 02 14 00 0    -2.07229126     2.09004966    -0.23947139
2013 03 17 02 15 00 0    -2.11816482     2.08775857    -0.24324503
2013 03 17 02 16 00 0    -2.16359773     2.08502942    -0.24696928
2013 03 17 02 17 00 0    -2.20859424     2.08187598    -0.25064440
2013 03 17 02 18 00 0    -2.25315855     2.07831146    -0.25427066
2013 03 17 02 19 00 0    -2.29729487     2.07434852    -0.25784831
2013 03 17 02 20 00 0    -2.34100740     2.06999930    -0.26137759
2013 03 17 02 21 00 0    -2.38430033     2.06527546    -0.26485874
2013 03 17 02 22 00 0    -2.42717776     2.06018819    -0.26829199
2013 03 17 02 23 00 0    -2.46964382     2.05474825    -0.27167755
2013 03 17 02 24 00 0    -2.51170258     2.04896597    -0.27501565
2013 03 17 02 25 00 0    -2.55335808     2.04285130    -0.27830649
2013 03 17 02 26 00 0    -2.59461430     2.03641379    -0.28155026
2013 03 17 02 27 00 0    -2.63547519     2.02966264    -0.28474717
2013 03 17 02 28 00 0    -2.67594466     2.02260673    -0.28789739
2013 03 17 02 29 00 0    -2.71602654     2.01525459    -0.29100111
2013 03 17 02 30 00 0    -2.75572463     2.00761444    -0.29405850
2013 03 17 02 31 00 0    -2.79504269     1.99969422    -0.29706972
2013 03 17 02 32 00 0    -2.83398442     1.99150158    -0.30003494
2013 03 17 02 33 00 0    -2.87255343     1.98304392    -0.30295430
2013 03 17 02 34 00 0    -2.91075331     1.97432836    -0.30582796
2013 03 17 02 35 00 0    -2.94858761     1.96536178    -0.30865606
2013 03 17 02 36 00 0    -2.98605980     1.95615084    -0.31143874
2013 03 17 02 37 00 0    -3.02317330     1.94670197    -0.31417613
2013 03 17 02 38 00 0    -3.05993150     1.93702139    -0.31686836
2013 03 17 02 39 00 0    -3.09633770     1.92711510    -0.31951554
2013 03 17 02 40 00 0    -3.13239517     1.91698894    -0.32211781
2013 03 17 02 41 00 0    -3.16810712     1.90664852    -0.32467526
2013 03 17 02 42 00 0    -3.20347671     1.89609932    -0.32718802
2013 03 17 02 43 00 0    -3.23850705     1.88534660    -0.32965617
2013 03 17 02 44 00 0    -3.27320121     1.87439548    -0.33207984
2013 03 17 02 45 00 0    -3.30756215     1.86325094    -0.33445910
2013 03 17 02 46 00 0    -3.34159285     1.85191779    -0.33679406
2013 03 17 02 47 00 0    -3.37529622     1.84040070    -0.33908480
2013 03 17 02 48 00 0    -3.40867510     1.82870418    -0.34133141
2013 03 17 02 49 00 0    -3.44173231     1.81683265    -0.34353397
2013 03 17 02 50 00 0    -3.47447060     1.80479036    -0.34569256
2013 03 17 02 51 00 0    -3.50689269     1.79258146    -0.34780725
2013 03 17 02 52 00 0    -3.53900125     1.78020999    -0.34987813
2013 03 17 02 53 00 0    -3.57079889     1.76767985    -0.35190526
2013 03 17 02 54 00 0    -3.60228820     1.75499486    -0.35388871
2013 03 17 02 55 00 0    -3.63347172     1.74215870    -0.35582854
2013 03 17 02 56 00 0    -3.66435191     1.72917499    -0.35772481
2013 03 17 02 57 00 0    -3.69493124     1.71604722    -0.35957759
2013 03 17 02 58 00 0    -3.72521210     1.70277880    -0.36138694
2013 03 17 02 59 00 0    -3.75519687     1.68937306    -0.36315291
2013 03 17 03 00 00 0    -3.78488787     1.67583322    -0.36487555
2013 03 17 03 01 00 0    -3.81428740     1.66216244    -0.36655492
2013 03 17 03 02 00 0    -3.84339768     1.64836377    -0.36819107
2013 03 17 03 03 00 0    -3.87222094     1.63444021    -0.36978404
2013 03 17 03 04 00 0    -3.90075935     1.62039467    -0.37133388
2013 03 17 03 05 00 0    -3.92901504     1.60622999    -0.37284065
2013 03 17 03 06 00 0    -3.95699013     1.59194894    -0.37430438
2013 03 17 03 07 00 0    -3.98468665     1.57755424    -0.37572511
2013 03 17 03 08 00 0    -4.01210665     1.56304853    -0.37710288
2013 03 17 03 09 00 0    -4.03925213     1.54843436    -0.37843775
2013 03 17 03 10 00 0    -4.06612504     1.53371427    -0.37972974
2013 03 17 03 11 00 0    -4.09272732     1.51889070    -0.38097889
2013 03 17 03 12 00 0    -4.11906086     1.50396607    -0.38218525
2013 03 17 03 13 00 0    -4.14512755     1.48894270    -0.38334884
2013 03 17 03 14 00 0    -4.17092920     1.47382289    -0.38446971
2013 03 17 03 15 00 0    -4.19646763     1.45860889    -0.38554788
2013 03 17 03 16 00 0    -4.22174462     1.44330288    -0.38658339
2013 03 17 03 17 00 0    -4.24676192     1.42790700    -0.38757628
2013 03 17 03 18 00 0    -4.27152123     1.41242335    -0.38852657
2013 03 17 03 19 00 0    -4.29602425     1.39685398    -0.38943430
2013 03 17 03 20 00 0    -4.32027265     1.38120090    -0.39029951
2013 03 17 03 21 00 0    -4.34426806     1.36546607    -0.39112222
2013 03 17 03 22 00 0    -4.36801209     1.34965141    -0.39190246
2013 03 17 03 23 00 0    -4.39150634     1.33375881    -0.39264026
2013 03 17 03 24 00 0    -4.41475235     1.31779011    -0.39333567
2013 03 17 03 25 00 0    -4.43775167     1.30174711    -0.39398870
2013 03 17 03 26 00 0    -4.46050579     1.28563159    -0.39459938
2013 03 17 03 27 00 0    -4.48301622     1.26944528    -0.39516775
2013 03 17 03 28 00 0    -4.50528440     1.25318989    -0.39569385
2013 03 17 03 29 00 0    -4.52731180     1.23686707    -0.39617769
2013 03 17 03 30 00 0    -4.54909980     1.22047848    -0.39661930
2013 03 17 03 31 00 0    -4.57064980     1.20402571    -0.39701873
2013 03 17 03 32 00 0    -4.59196319     1.18751034    -0.39737600
2013 03 17 03 33 00 0    -4.61304131     1.17093391    -0.39769114
2013 03 17 03 34 00 0    -4.63388549     1.15429794    -0.39796419
2013 03 17 03 35 00 0    -4.65449703     1.13760392    -0.39819517
2013 03 17 03 36 00 0    -4.67487724     1.12085331    -0.39838412
2013 03 17 03 37 00 0    -4.69502737     1.10404754    -0.39853107
2013 03 17 03 38 00 0    -4.71494867     1.08718803    -0.39863605
2013 03 17 03 39 00 0    -4.73464237     1.07027617    -0.39869910
2013 03 17 03 40 00 0    -4.75410970     1.05331329    -0.39872025
2013 03 17 03 41 00 0    -4.77335182     1.03630076    -0.39869953
2013 03 17 03 42 00 0    -4.79236992     1.01923989    -0.39863699
2013 03 17 03 43 00 0    -4.81116515     1.00213197    -0.39853265
2013 03 17 03 44 00 0    -4.82973864     0.98497827    -0.39838656
2013 03 17 03 45 00 0    -4.84809153     0.96778004    -0.39819874
2013 03 17 03 46 00 0    -4.86622491     0.95053851    -0.39796925
2013 03 17 03 47 00 0    -4.88413987     0.93325490    -0.39769811
2013 03 17 03 48 00 0    -4.90183748     0.91593038    -0.39738536
2013 03 17 03 49 00 0    -4.91931878     0.89856614    -0.39703106
2013 03 17 03 50 00 0    -4.93658483     0.88116334    -0.39663523
2013 03 17 03 51 00 0    -4.95363664     0.86372308    -0.39619792
2013 03 17 03 52 00 0    -4.97047521     0.84624652    -0.39571917
2013 03 17 03 53 00 0    -4.98710154     0.82873475    -0.39519902
2013 03 17 03 54 00 0    -5.00351660     0.81118885    -0.39463753
2013 03 17 03 55 00 0    -5.01972136     0.79360989    -0.39403474
2013 03 17 03 56 00 0    -5.03571675     0.77599893    -0.39339068
2013 03 17 03 57 00 0    -5.05150372     0.75835700    -0.39270542
2013 03 17 03 58 00 0    -5.06708318     0.74068514    -0.39197900
2013 03 17 03 59 00 0    -5.08245603     0.72298434    -0.39121146
2013 03 17 04 00 00 0    -5.09762318     0.70525560    -0.39040287
2013 03 17 04 01 00 0    -5.11258548     0.68749991    -0.38955326
2013 03 17 04 02 00 0    -5.12734383     0.66971822    -0.38866271
2013 03 17 04 03 00 0    -5.14189905     0.65191152    -0.38773125
2013 03 17 04 04 00 0    -5.15625199     0.63408072    -0.38675895
2013 03 17 04 05 00 0    -5.17040347     0.61622677    -0.38574586
2013 03 17 04 06 00 0    -5.18435431     0.59835058    -0.38469204
2013 03 17 04 07 00 0    -5.19810532     0.58045306    -0.38359755
2013 03 17 04 08 00 0    -5.21165728     0.56253510    -0.38246245
2013 03 17 04 09 00 0    -5.22501096     0.54459758    -0.38128680
2013 03 17 04 10 00 0    -5.23816714     0.52664138    -0.38007067
2013 03 17 04 11 00 0    -5.25112657     0.50866737    -0.37881411
2013 03 17 04 12 00 0    -5.26388999     0.49067639    -0.37751720
2013 03 17 04 13 00 0    -5.27645814     0.47266928    -0.37618001
2013 03 17 04 14 00 0    -5.28883174     0.45464686    -0.37480259
2013 03 17 04 15 00 0    -5.30101149     0.43660998    -0.37338502
2013 03 17 04 16 00 0    -5.31299810     0.41855945    -0.37192738
2013 03 17 04 17 00 0    -5.32479225     0.40049605    -0.37042973
2013 03 17 04 18 00 0    -5.33639462     0.38242060    -0.36889215
2013 03 17 04 19 00 0    -5.34780589     0.36433387    -0.36731471
2013 03 17 04 20 00 0    -5.35902671     0.34623664    -0.36569750
2013 03 17 04 21 00 0    -5.37005772     0.32812968    -0.36404058
2013 03 17 04 22 00 0    -5.38089958     0.31001375    -0.36234405
2013 03 17 04 23 00 0    -5.39155290     0.29188960    -0.36060798
2013 03 17 04 24 00 0    -5.40201830     0.27375798    -0.35883245
2013 03 17 04 25 00 0    -5.41229641     0.25561961    -0.35701755
2013 03 17 04 26 00 0    -5.42238780     0.23747524    -0.35516337
2013 03 17 04 27 00 0    -5.43229308     0.21932560    -0.35326999
2013 03 17 04 28 00 0    -5.44201283     0.20117138    -0.35133751
2013 03 17 04 29 00 0    -5.45154762     0.18301331    -0.34936601
2013 03 17 04 30 00 0    -5.46089802     0.16485208    -0.34735559
2013 03 17 04 31 00 0    -5.47006457     0.14668839    -0.34530634
2013 03 17 04 32 00 0    -5.47904784     0.12852293    -0.34321836
2013 03 17 04 33 00 0    -5.48784835     0.11035637    -0.34109174
2013 03 17 04 34 00 0    -5.49646664     0.09218941    -0.33892659
2013 03 17 04 35 00 0    -5.50490322     0.07402270    -0.33672300
2013 03 17 04 36 00 0    -5.51315862     0.05585690    -0.33448108
2013 03 17 04 37 00 0    -5.52123333     0.03769269    -0.33220093
2013 03 17 04 38 00 0    -5.52912786     0.01953073    -0.32988266
2013 03 17 04 39 00 0    -5.53684268     0.00137164    -0.32752637
2013 03 17 04 40 00 0    -5.54437829    -0.01678392    -0.32513218
2013 03 17 04 41 00 0    -5.55173515    -0.03493531    -0.32270019
2013 03 17 04 42 00 0    -5.55891374    -0.05308191    -0.32023053
2013 03 17 04 43 00 0    -5.56591451    -0.07122308    -0.31772329
2013 03 17 04 44 00 0    -5.57273791    -0.08935820    -0.31517861
2013 03 17 04 45 00 0    -5.57938438    -0.10748665    -0.31259659
2013 03 17 04 46 00 0    -5.58585436    -0.12560782    -0.30997736
2013 03 17 04 47 00 0    -5.59214829    -0.14372112    -0.30732104
2013 03 17 04 48 00 0    -5.59826657    -0.16182590    -0.30462776
2013 03 17 04 49 00 0    -5.60420963    -0.17992159    -0.30189763
2013 03 17 04 50 00 0    -5.60997787    -0.19800758    -0.29913079
2013 03 17 04 51 00 0    -5.61557169    -0.21608328    -0.29632736
2013 03 17 04 52 00 0    -5.62099148    -0.23414811    -0.29348748
2013 03 17 04 53 00 0    -5.62623764    -0.25220147    -0.29061127
2013 03 17 04 54 00 0    -5.63131054    -0.27024279    -0.28769888
2013 03 17 04 55 00 0    -5.63621055    -0.28827149    -0.28475043
2013 03 17 04 56 00 0    -5.64093804    -0.30628699    -0.28176607
2013 03 17 04 57 00 0    -5.64549338    -0.32428872    -0.27874594
2013 03 17 04 58 00 0    -5.64987691    -0.34227611    -0.27569018
2013 03 17 04 59 00 0    -5.65408898    -0.36024862    -0.27259892
2013 03 17 05 00 00 0    -5.65812993    -0.37820565    -0.26947233
2013 03 17 05 01 00 0    -5.66200009    -0.39614666    -0.26631054
2013 03 17 05 02 00 0    -5.66569980    -0.41407110    -0.26311371
2013 03 17 05 03 00 0    -5.66922937    -0.43197840    -0.25988198
2013 03 17 05 04 00 0    -5.67258913    -0.44986802    -0.25661551
2013 03 17 05 05 00 0    -5.67577937    -0.46773942    -0.25331446
2013 03 17 05 06 00 0    -5.67880040    -0.48559205    -0.24997898
2013 03 17 05 07 00 0    -5.68165253    -0.50342536    -0.24660923
2013 03 17 05 08 00 0    -5.68433603    -0.52123881    -0.24320537
2013 03 17 05 09 00 0    -5.68685120    -0.53903188    -0.23976757
2013 03 17 05 10 00 0    -5.68919832    -0.55680403    -0.23629598
2013 03 17 05 11 00 0    -5.69137765    -0.57455471    -0.23279079
2013 03 17 05 12 00 0    -5.69338947    -0.59228340    -0.22925215
2013 03 17 05 13 00 0    -5.69523404    -0.60998957    -0.22568023
2013 03 17 05 14 00 0    -5.69691161    -0.62767269    -0.22207522
2013 03 17 05 15 00 0    -5.69842244    -0.64533224    -0.21843728
2013 03 17 05 16 00 0    -5.69976677    -0.66296770    -0.21476659
2013 03 17 05 17 00 0    -5.70094484    -0.68057855    -0.21106333
2013 03 17 05 18 00 0    -5.70195688    -0.69816426    -0.20732768
2013 03 17 05 19 00 0    -5.70280312    -0.71572431    -0.20355982
2013 03 17 05 20 00 0    -5.70348379    -0.73325820    -0.19975995
2013 03 17 05 21 00 0    -5.70399911    -0.75076542    -0.19592823
2013 03 17 05 22 00 0    -5.70434927    -0.76824542    -0.19206487
2013 03 17 05 23 00 0    -5.70453450    -0.78569772    -0.18817006
2013 03 17 05 24 00 0    -5.70455499    -0.80312180    -0.18424398
2013 03 17 05 25 00 0    -5.70441093    -0.82051714    -0.18028684
2013 03 17 05 26 00 0    -5.70410253    -0.83788325    -0.17629882
2013 03 17 05 27 00 0    -5.70362996    -0.85521961    -0.17228014
2013 03 17 05 28 00 0    -5.70299341    -0.87252572    -0.16823098
2013 03 17 05 29 00 0    -5.70219304    -0.88980107    -0.16415156
2013 03 17 05 30 00 0    -5.70122904    -0.90704515    -0.16004207
2013 03 17 05 31 00 0    -5.70010155    -0.92425747    -0.15590274
2013 03 17 05 32 00 0    -5.69881076    -0.94143753    -0.15173375
2013 03 17 05 33 00 0    -5.69735680    -0.95858481    -0.14753533
2013 03 17 05 34 00 0    -5.69573983    -0.97569881    -0.14330769
2013 03 17 05 35 00 0    -5.69395999    -0.99277903    -0.13905105
2013 03 17 05 36 00 0    -5.69201742    -1.00982498    -0.13476563
2013 03 17 05 37 00 0    -5.68991226    -1.02683615    -0.13045163
2013 03 17 05 38 00 0    -5.68764463    -1.04381204    -0.12610930
2013 03 17 05 39 00 0    -5.68521467    -1.06075216    -0.12173884
2013 03 17 05 40 00 0    -5.68262248    -1.07765600    -0.11734049
2013 03 17 05 41 00 0    -5.67986819    -1.09452306    -0.11291447
2013 03 17 05 42 00 0    -5.67695190    -1.11135284    -0.10846102
2013 03 17 05 43 00 0    -5.67387372    -1.12814485    -0.10398036
2013 03 17 05 44 00 0    -5.67063375    -1.14489860    -0.09947274
2013 03 17 05 45 00 0    -5.66723208    -1.16161356    -0.09493839
2013 03 17 05 46 00 0    -5.66366880    -1.17828925    -0.09037755
2013 03 17 05 47 00 0    -5.65994400    -1.19492516    -0.08579046
2013 03 17 05 48 00 0    -5.65605777    -1.21152080    -0.08117736
2013 03 17 05 49 00 0    -5.65201016    -1.22807566    -0.07653850
2013 03 17 05 50 00 0    -5.64780126    -1.24458925    -0.07187414
2013 03 17 05 51 00 0    -5.64343114    -1.26106106    -0.06718451
2013 03 17 05 52 00 0    -5.63889985    -1.27749060    -0.06246987
2013 03 17 05 53 00 0    -5.63420744    -1.29387734    -0.05773047
2013 03 17 05 54 00 0    -5.62935398    -1.31022081    -0.05296658
2013 03 17 05 55 00 0    -5.62433950    -1.32652049    -0.04817845
2013 03 17 05 56 00 0    -5.61916406    -1.34277587    -0.04336634
2013 03 17 05 57 00 0    -5.61382768    -1.35898645    -0.03853051
2013 03 17 05 58 00 0    -5.60833041    -1.37515172    -0.03367124
2013 03 17 05 59 00 0    -5.60267226    -1.39127117    -0.02878879
2013 03 17 06 00 00 0    -5.59685327    -1.40734430    -0.02388343
2013 03 17 06 01 00 0    -5.59087345    -1.42337059    -0.01895544
2013 03 17 06 02 00 0    -5.58473281    -1.43934954    -0.01400508
2013 03 17 06 03 00 0    -5.57843137    -1.45528063    -0.00903263
2013 03 17 06 04 00 0    -5.57196912    -1.47116334    -0.00403838
2013 03 17 06 05 00 0    -5.56534607    -1.48699716     0.00097739
2013 03 17 06 06 00 0    -5.55856221    -1.50278158     0.00601440
2013 03 17 06 07 00 0    -5.55161754    -1.51851607     0.01107236
2013 03 17 06 08 00 0    -5.54451204    -1.53420011     0.01615099
2013 03 17 06 09 00 0    -5.53724568    -1.54983318     0.02124999
2013 03 17 06 10 00 0    -5.52981846    -1.56541475     0.02636906
2013 03 17 06 11 00 0    -5.52223032    -1.58094431     0.03150792
2013 03 17 06 12 00 0    -5.51448126    -1.59642132     0.03666626
2013 03 17 06 13 00 0    -5.50657121    -1.61184524     0.04184378
2013 03 17 06 14 00 0    -5.49850015    -1.62721556     0.04704018
2013 03 17 06 15 00 0    -5.49026803    -1.64253173     0.05225516
2013 03 17 06 16 00 0    -5.48187478    -1.65779321     0.05748840
2013 03 17 06 17 00 0    -5.47332036    -1.67299948     0.06273960
2013 03 17 06 18 00 0    -5.46460471    -1.68814998     0.06800843
2013 03 17 06 19 00 0    -5.45572775    -1.70324416     0.07329459
2013 03 17 06 20 00 0    -5.44668942    -1.71828149     0.07859776
2013 03 17 06 21 00 0    -5.43748963    -1.73326141     0.08391762
2013 03 17 06 22 00 0    -5.42812832    -1.74818337     0.08925383
2013 03 17 06 23 00 0    -5.41860538    -1.76304681     0.09460608
2013 03 17 06 24 00 0    -5.40892074    -1.77785118     0.09997405
2013 03 17 06 25 00 0    -5.39907429    -1.79259590     0.10535738
2013 03 17 06 26 00 0    -5.38906594    -1.80728042     0.11075577
2013 03 17 06 27 00 0    -5.37889558    -1.82190417     0.11616886
2013 03 17 06 28 00 0    -5.36856310    -1.83646658     0.12159632
2013 03 17 06 29 00 0    -5.35806837    -1.85096707     0.12703780
2013 03 17 06 30 00 0    -5.34741130    -1.86540505     0.13249297
2013 03 17 06 31 00 0    -5.33659174    -1.87977995     0.13796147
2013 03 17 06 32 00 0    -5.32560957    -1.89409118     0.14344296
2013 03 17 06 33 00 0    -5.31446466    -1.90833815     0.14893708
2013 03 17 06 34 00 0    -5.30315686    -1.92252026     0.15444348
2013 03 17 06 35 00 0    -5.29168604    -1.93663691     0.15996180
2013 03 17 06 36 00 0    -5.28005203    -1.95068751     0.16549167
2013 03 17 06 37 00 0    -5.26825468    -1.96467143     0.17103275
2013 03 17 06 38 00 0    -5.25629384    -1.97858808     0.17658465
2013 03 17 06 39 00 0    -5.24416934    -1.99243683     0.18214700
2013 03 17 06 40 00 0    -5.23188100    -2.00621707     0.18771945
2013 03 17 06 41 00 0    -5.21942866    -2.01992815     0.19330161
2013 03 17 06 42 00 0    -5.20681213    -2.03356946     0.19889309
2013 03 17 06 43 00 0    -5.19403123    -2.04714035     0.20449353
2013 03 17 06 44 00 0    -5.18108576    -2.06064018     0.21010254
2013 03 17 06 45 00 0    -5.16797554    -2.07406831     0.21571972
2013 03 17 06 46 00 0    -5.15470035    -2.08742408     0.22134469
2013 03 17 06 47 00 0    -5.14125999    -2.10070683     0.22697706
2013 03 17 06 48 00 0    -5.12765424    -2.11391590     0.23261642
2013 03 17 06 49 00 0    -5.11388290    -2.12705061     0.23826239
2013 03 17 06 50 00 0    -5.09994574    -2.14011030     0.24391454
2013 03 17 06 51 00 0    -5.08584251    -2.15309428     0.24957249
2013 03 17 06 52 00 0    -5.07157301    -2.16600186     0.25523581
2013 03 17 06 53 00 0    -5.05713698    -2.17883233     0.26090410
2013 03 17 06 54 00 0    -5.04253419    -2.19158500     0.26657693
2013 03 17 06 55 00 0    -5.02776437    -2.20425916     0.27225389
2013 03 17 06 56 00 0    -5.01282728    -2.21685409     0.27793456
2013 03 17 06 57 00 0    -4.99772265    -2.22936907     0.28361850
2013 03 17 06 58 00 0    -4.98245021    -2.24180336     0.28930529
2013 03 17 06 59 00 0    -4.96700969    -2.25415623     0.29499449
2013 03 17 07 00 00 0    -4.95140081    -2.26642693     0.30068567
2013 03 17 07 01 00 0    -4.93562329    -2.27861470     0.30637838
2013 03 17 07 02 00 0    -4.91967683    -2.29071880     0.31207218
2013 03 17 07 03 00 0    -4.90356115    -2.30273842     0.31776662
2013 03 17 07 04 00 0    -4.88727593    -2.31467281     0.32346124
2013 03 17 07 05 00 0    -4.87082087    -2.32652116     0.32915559
2013 03 17 07 06 00 0    -4.85419566    -2.33828269     0.33484921
2013 03 17 07 07 00 0    -4.83739997    -2.34995658     0.34054163
2013 03 17 07 08 00 0    -4.82043348    -2.36154202     0.34623239
2013 03 17 07 09 00 0    -4.80329586    -2.37303819     0.35192100
2013 03 17 07 10 00 0    -4.78598676    -2.38444424     0.35760700
2013 03 17 07 11 00 0    -4.76850584    -2.39575934     0.36328991
2013 03 17 07 12 00 0    -4.75085275    -2.40698262     0.36896923
2013 03 17 07 13 00 0    -4.73302713    -2.41811321     0.37464448
2013 03 17 07 14 00 0    -4.71502861    -2.42915026     0.38031516
2013 03 17 07 15 00 0    -4.69685684    -2.44009285     0.38598077
2013 03 17 07 16 00 0    -4.67851143    -2.45094008     0.39164081
2013 03 17 07 17 00 0    -4.65999199    -2.46169106     0.39729477
2013 03 17 07 18 00 0    -4.64129814    -2.47234486     0.40294214
2013 03 17 07 19 00 0    -4.62242949    -2.48290053     0.40858240
2013 03 17 07 20 00 0    -4.60338561    -2.49335713     0.41421502
2013 03 17 07 21 00 0    -4.58416612    -2.50371370     0.41983948
2013 03 17 07 22 00 0    -4.56477058    -2.51396927     0.42545524
2013 03 17 07 23 00 0    -4.54519858    -2.52412284     0.43106177
2013 03 17 07 24 00 0    -4.52544969    -2.53417342     0.43665852
2013 03 17 07 25 00 0    -4.50552344    -2.54412000     0.44224495
2013 03 17 07 26 00 0    -4.48541944    -2.55396152     0.44782049
2013 03 17 07 27 00 0    -4.46513720    -2.56369697     0.45338458
2013 03 17 07 28 00 0    -4.44467627    -2.57332527     0.45893667
2013 03 17 07 29 00 0    -4.42403619    -2.58284534     0.46447618
2013 03 17 07 30 00 0    -4.40321648    -2.59225611     0.47000253
2013 03 17 07 31 00 0    -4.38221666    -2.60155646     0.47551513
2013 03 17 07 32 00 0    -4.36103624    -2.61074526     0.48101341
2013 03 17 07 33 00 0    -4.33967473    -2.61982137     0.48649675
2013 03 17 07 34 00 0    -4.31813162    -2.62878365     0.49196456
2013 03 17 07 35 00 0    -4.29640640    -2.63763090     0.49741623
2013 03 17 07 36 00 0    -4.27449854    -2.64636194     0.50285115
2013 03 17 07 37 00 0    -4.25240755    -2.65497554     0.50826868
2013 03 17 07 38 00 0    -4.23013286    -2.66347048     0.51366820
2013 03 17 07 39 00 0    -4.20767395    -2.67184551     0.51904907
2013 03 17 07 40 00 0    -4.18503026    -2.68009934     0.52441065
2013 03 17 07 41 00 0    -4.16220123    -2.68823069     0.52975228
2013 03 17 07 42 00 0    -4.13918630    -2.69623823     0.53507331
2013 03 17 07 43 00 0    -4.11598489    -2.70412064     0.54037307
2013 03 17 07 44 00 0    -4.09259643    -2.71187655     0.54565087
2013 03 17 07 45 00 0    -4.06902031    -2.71950458     0.55090605
2013 03 17 07 46 00 0    -4.04525595    -2.72700331     0.55613790
2013 03 17 07 47 00 0    -4.02130272    -2.73437133     0.56134572
2013 03 17 07 48 00 0    -3.99716004    -2.74160717     0.56652881
2013 03 17 07 49 00 0    -3.97282726    -2.74870935     0.57168645
2013 03 17 07 50 00 0    -3.94830375    -2.75567637     0.57681790
2013 03 17 07 51 00 0    -3.92358888    -2.76250668     0.58192243
2013 03 17 07 52 00 0    -3.89868200    -2.76919873     0.58699930
2013 03 17 07 53 00 0    -3.87358244    -2.77575092     0.59204775
2013 03 17 07 54 00 0    -3.84828953    -2.78216163     0.59706700
2013 03 17 07 55 00 0    -3.82280262    -2.78842922     0.60205629
2013 03 17 07 56 00 0    -3.79712099    -2.79455200     0.60701482
2013 03 17 07 57 00 0    -3.77124398    -2.80052826     0.61194179
2013 03 17 07 58 00 0    -3.74517086    -2.80635626     0.61683640
2013 03 17 07 59 00 0    -3.71890092    -2.81203421     0.62169782
2013 03 17 08 00 00 0    -3.69243346    -2.81756031     0.62652522
2013 03 17 08 01 00 0    -3.66576775    -2.82293269     0.63131775
2013 03 17 08 02 00 0    -3.63890303    -2.82814949     0.63607455
2013 03 17 08 03 00 0    -3.61183857    -2.83320877     0.64079474
2013 03 17 08 04 00 0    -3.58457361    -2.83810858     0.64547746
2013 03 17 08 05 00 0    -3.55710737    -2.84284692     0.65012179
2013 03 17 08 06 00 0    -3.52943909    -2.84742175     0.65472682
2013 03 17 08 07 00 0    -3.50156798    -2.85183097     0.65929163
2013 03 17 08 08 00 0    -3.47349325    -2.85607248     0.66381527
2013 03 17 08 09 00 0    -3.44521410    -2.86014409     0.66829679
2013 03 17 08 10 00 0    -3.41672968    -2.86404360     0.67273521
2013 03 17 08 11 00 0    -3.38803923    -2.86776873     0.67712954
2013 03 17 08 12 00 0    -3.35914189    -2.87131719     0.68147879
2013 03 17 08 13 00 0    -3.33003682    -2.87468660     0.68578192
2013 03 17 08 14 00 0    -3.30072318    -2.87787456     0.69003789
2013 03 17 08 15 00 0    -3.27120010    -2.88087859     0.69424565
2013 03 17 08 16 00 0    -3.24146672    -2.88369619     0.69840411
2013 03 17 08 17 00 0    -3.21152217    -2.88632478     0.70251218
2013 03 17 08 18 00 0    -3.18136557    -2.88876172     0.70656875
2013 03 17 08 19 00 0    -3.15099601    -2.89100431     0.71057267
2013 03 17 08 20 00 0    -3.12041261    -2.89304981     0.71452279
2013 03 17 08 21 00 0    -3.08961444    -2.89489539     0.71841793
2013 03 17 08 22 00 0    -3.05860061    -2.89653816     0.72225687
2013 03 17 08 23 00 0    -3.02737018    -2.89797518     0.72603840
2013 03 17 08 24 00 0    -2.99592223    -2.89920343     0.72976126
2013 03 17 08 25 00 0    -2.96425582    -2.90021980     0.73342417
2013 03 17 08 26 00 0    -2.93236999    -2.90102112     0.73702584
2013 03 17 08 27 00 0    -2.90026379    -2.90160416     0.74056493
2013 03 17 08 28 00 0    -2.86793628    -2.90196557     0.74404009
2013 03 17 08 29 00 0    -2.83538648    -2.90210196     0.74744993
2013 03 17 08 30 00 0    -2.80261342    -2.90200982     0.75079304
2013 03 17 08 31 00 0    -2.76961612    -2.90168558     0.75406797
2013 03 17 08 32 00 0    -2.73639359    -2.90112556     0.75727324
2013 03 17 08 33 00 0    -2.70294489    -2.90032598     0.76040735
2013 03 17 08 34 00 0    -2.66926900    -2.89928299     0.76346874
2013 03 17 08 35 00 0    -2.63536494    -2.89799261     0.76645584
2013 03 17 08 36 00 0    -2.60123172    -2.89645077     0.76936703
2013 03 17 08 37 00 0    -2.56686834    -2.89465328     0.77220066
2013 03 17 08 38 00 0    -2.53227380    -2.89259586     0.77495503
2013 03 17 08 39 00 0    -2.49744712    -2.89027409     0.77762841
2013 03 17 08 40 00 0    -2.46238731    -2.88768344     0.78021902
2013 03 17 08 41 00 0    -2.42709337    -2.88481925     0.78272504
2013 03 17 08 42 00 0    -2.39156433    -2.88167673     0.78514460
2013 03 17 08 43 00 0    -2.35579920    -2.87825096     0.78747579
2013 03 17 08 44 00 0    -2.31979699    -2.87453687     0.78971664
2013 03 17 08 45 00 0    -2.28355678    -2.87052925     0.79186513
2013 03 17 08 46 00 0    -2.24707760    -2.86622274     0.79391919
2013 03 17 08 47 00 0    -2.21035850    -2.86161183     0.79587671
2013 03 17 08 48 00 0    -2.17339856    -2.85669082     0.79773549
2013 03 17 08 49 00 0    -2.13619687    -2.85145387     0.79949329
2013 03 17 08 50 00 0    -2.09875253    -2.84589495     0.80114780
2013 03 17 08 51 00 0    -2.06106468    -2.84000784     0.80269665
2013 03 17 08 52 00 0    -2.02313247    -2.83378613     0.80413740
2013 03 17 08 53 00 0    -1.98495507    -2.82722322     0.80546753
2013 03 17 08 54 00 0    -1.94653171    -2.82031230     0.80668445
2013 03 17 08 55 00 0    -1.90786159    -2.81304633     0.80778551
2013 03 17 08 56 00 0    -1.86894406    -2.80541807     0.80876795
2013 03 17 08 57 00 0    -1.82977841    -2.79742001     0.80962893
2013 03 17 08 58 00 0    -1.79036403    -2.78904443     0.81036554
2013 03 17 08 59 00 0    -1.75070032    -2.78028332     0.81097477
2013 03 17 09 00 00 0    -1.71078679    -2.77112843     0.81145349
2013 03 17 09 01 00 0    -1.67062298    -2.76157121     0.81179850
2013 03 17 09 02 00 0    -1.63020851    -2.75160282     0.81200648
2013 03 17 09 03 00 0    -1.58954307    -2.74121415     0.81207399
2013 03 17 09 04 00 0    -1.54862645    -2.73039571     0.81199748
2013 03 17 09 05 00 0    -1.50745852    -2.71913773     0.81177329
2013 03 17 09 06 00 0    -1.46603925    -2.70743005     0.81139761
2013 03 17 09 07 00 0    -1.42436878    -2.69526218     0.81086650
2013 03 17 09 08 00 0    -1.38244732    -2.68262322     0.81017590
2013 03 17 09 09 00 0    -1.34027521    -2.66950189     0.80932156
2013 03 17 09 10 00 0    -1.29785297    -2.65588648     0.80829912
2013 03 17 09 11 00 0    -1.25518129    -2.64176483     0.80710401
2013 03 17 09 12 00 0    -1.21226102    -2.62712433     0.80573153
2013 03 17 09 13 00 0    -1.16909323    -2.61195188     0.80417676
2013 03 17 09 14 00 0    -1.12567920    -2.59623388     0.80243462
2013 03 17 09 15 00 0    -1.08202044    -2.57995620     0.80049980
2013 03 17 09 16 00 0    -1.03811876    -2.56310412     0.79836680
2013 03 17 09 17 00 0    -0.99397620    -2.54566235     0.79602988
2013 03 17 09 18 00 0    -0.94959522    -2.52761501     0.79348307
2013 03 17 09 19 00 0    -0.90497854    -2.50894554     0.79072016
2013 03 17 09 20 00 0    -0.86012930    -2.48963669     0.78773466
2013 03 17 09 21 00 0    -0.81505105    -2.46967051     0.78451981
2013 03 17 09 22 00 0    -0.76974783    -2.44902830     0.78106856
2013 03 17 09 23 00 0    -0.72422418    -2.42769055     0.77737355
2013 03 17 09 24 00 0    -0.67848518    -2.40563692     0.77342708
2013 03 17 09 25 00 0    -0.63253658    -2.38284621     0.76922112
2013 03 17 09 26 00 0    -0.58638478    -2.35929627     0.76474727
2013 03 17 09 27 00 0    -0.54003693    -2.33496402     0.75999674
2013 03 17 09 28 00 0    -0.49350105    -2.30982533     0.75496034
2013 03 17 09 29 00 0    -0.44678600    -2.28385500     0.74962843
2013 03 17 09 30 00 0    -0.39990179    -2.25702675     0.74399094
2013 03 17 09 31 00 0    -0.35285942    -2.22931309     0.73803731
2013 03 17 09 32 00 0    -0.30567118    -2.20068530     0.73175645
2013 03 17 09 33 00 0    -0.25835075    -2.17111338     0.72513676
2013 03 17 09 34 00 0    -0.21091328    -2.14056597     0.71816607
2013 03 17 09 35 00 0    -0.16337565    -2.10901032     0.71083160
2013 03 17 09 36 00 0    -0.11575658    -2.07641222     0.70311995
2013 03 17 09 37 00 0    -0.06807686    -2.04273593     0.69501706
2013 03 17 09 38 00 0    -0.02035959    -2.00794415     0.68650819
2013 03 17 09 39 00 0     0.02736959    -1.97199796     0.67757786
2013 03 17 09 40 00 0     0.07508224    -1.93485676     0.66820982
2013 03 17 09 41 00 0     0.12274666    -1.89647836     0.65838709
2013 03 17 09 42 00 0     0.17032776    -1.85681877     0.64809183
2013 03 17 09 43 00 0     0.21778651    -1.81583235     0.63730538
2013 03 17 09 44 00 0     0.26507955    -1.77347176     0.62600822
2013 03 17 09 45 00 0     0.31215869    -1.72968807     0.61417999
2013 03 17 09 46 00 0     0.35897042    -1.68443082     0.60179944
2013 03 17 09 47 00 0     0.40545526    -1.63764818     0.58884449
2013 03 17 09 48 00 0     0.45154712    -1.58928712     0.57529224
2013 03 17 09 49 00 0     0.49717262    -1.53929373     0.56111902
2013 03 17 09 50 00 0     0.54225030    -1.48761356     0.54630049
2013 03 17 09 51 00 0     0.58668978    -1.43419209     0.53081172
2013 03 17 09 52 00 0     0.63039084    -1.37897546     0.51462745
2013 03 17 09 53 00 0     0.67324257    -1.32191107     0.49772217
2013 03 17 09 54 00 0     0.71512239    -1.26294871     0.48007052
2013 03 17 09 55 00 0     0.75589505    -1.20204170     0.46164761
2013 03 17 09 56 00 0     0.79541181    -1.13914839     0.44242950
2013 03 17 09 57 00 0     0.83350954    -1.07423397     0.42239375
2013 03 17 09 58 00 0     0.87001014    -1.00727254     0.40152018
2013 03 17 09 59 00 0     0.90472016    -0.93824964     0.37979169
2013 03 17 10 00 00 0     0.93743078    -0.86716504     0.35719525
2013 03 17 10 01 00 0     0.96791833    -0.79403602     0.33372309
2013 03 17 10 02 00 0     0.99594556    -0.71890079     0.30937399
2013 03 17 10 03 00 0     1.02126362    -0.64182238     0.28415478
2013 03 17 10 04 00 0     1.04361531    -0.56289212     0.25808174
2013 03 17 10 05 00 0     1.06273931    -0.48223336     0.23118221
2013 03 17 10 06 00 0     1.07837578    -0.40000448     0.20349595
2013 03 17 10 07 00 0     1.09027329    -0.31640096     0.17507637
2013 03 17 10 08 00 0     1.09819678    -0.23165622     0.14599125
2013 03 17 10 09 00 0     1.10193641    -0.14604069     0.11632302
2013 03 17 10 10 00 0     1.10131668    -0.05985875     0.08616824
2013 03 17 10 11 00 0     1.09620517     0.02655650     0.05563627
2013 03 17 10 12 00 0     1.08652011     0.11285072     0.02484716
2013 03 17 10 13 00 0     1.07223594     0.19865773    -0.00607133
2013 03 17 10 14 00 0     1.05338626     0.28361019    -0.03698729
2013 03 17 10 15 00 0     1.03006382     0.36735045    -0.06776851
2013 03 17 10 16 00 0     1.00241720     0.44954153    -0.09828650
2013 03 17 10 17 00 0     0.97064483     0.52987622    -0.12842011
2013 03 17 10 18 00 0     0.93498679     0.60808444    -0.15805860
2013 03 17 10 19 00 0     0.89571514     0.68393806    -0.18710396
2013 03 17 10 20 00 0     0.85312383     0.75725330    -0.21547239
2013 03 17 10 21 00 0     0.80751886     0.82789071    -0.24309491
2013 03 17 10 22 00 0     0.75920930     0.89575322    -0.26991722
2013 03 17 10 23 00 0     0.70849971     0.96078267    -0.29589901
2013 03 17 10 24 00 0     0.65568411     1.02295544    -0.32101276
2013 03 17 10 25 00 0     0.60104139     1.08227763    -0.34524237
2013 03 17 10 26 00 0     0.54483242     1.13877988    -0.36858150
2013 03 17 10 27 00 0     0.48729804     1.19251287    -0.39103213
2013 03 17 10 28 00 0     0.42865844     1.24354276    -0.41260300
2013 03 17 10 29 00 0     0.36911310     1.29194732    -0.43330828
2013 03 17 10 30 00 0     0.30884146     1.33781261    -0.45316629
2013 03 17 10 31 00 0     0.24800390     1.38123012    -0.47219853
2013 03 17 10 32 00 0     0.18674300     1.42229453    -0.49042875
2013 03 17 10 33 00 0     0.12518495     1.46110178    -0.50788219
2013 03 17 10 34 00 0     0.06344098     1.49774765    -0.52458504
2013 03 17 10 35 00 0     0.00160877     1.53232666    -0.54056389
2013 03 17 10 36 00 0    -0.06022614     1.56493121    -0.55584541
2013 03 17 10 37 00 0    -0.12198898     1.59565091    -0.57045596
2013 03 17 10 38 00 0    -0.18361475     1.62457228    -0.58442149
2013 03 17 10 39 00 0    -0.24504696     1.65177841    -0.59776730
2013 03 17 10 40 00 0    -0.30623670     1.67734880    -0.61051791
2013 03 17 10 41 00 0    -0.36714172     1.70135929    -0.62269702
2013 03 17 10 42 00 0    -0.42772567     1.72388207    -0.63432744
2013 03 17 10 43 00 0    -0.48795736     1.74498575    -0.64543106
2013 03 17 10 44 00 0    -0.54781013     1.76473539    -0.65602884
2013 03 17 10 45 00 0    -0.60726133     1.78319268    -0.66614082
2013 03 17 10 46 00 0    -0.66629179     1.80041603    -0.67578615
2013 03 17 10 47 00 0    -0.72488544     1.81646075    -0.68498306
2013 03 17 10 48 00 0    -0.78302880     1.83137912    -0.69374894
2013 03 17 10 49 00 0    -0.84071083     1.84522064    -0.70210035
2013 03 17 10 50 00 0    -0.89792253     1.85803211    -0.71005306
2013 03 17 10 51 00 0    -0.95465670     1.86985782    -0.71762207
2013 03 17 10 52 00 0    -1.01090770     1.88073965    -0.72482167
2013 03 17 10 53 00 0    -1.06667127     1.89071726    -0.73166544
2013 03 17 10 54 00 0    -1.12194437     1.89982817    -0.73816633
2013 03 17 10 55 00 0    -1.17672499     1.90810792    -0.74433665
2013 03 17 10 56 00 0    -1.23101205     1.91559018    -0.75018813
2013 03 17 10 57 00 0    -1.28480524     1.92230685    -0.75573195
2013 03 17 10 58 00 0    -1.33810499     1.92828819    -0.76097874
2013 03 17 10 59 00 0    -1.39091231     1.93356289    -0.76593867
2013 03 17 11 00 00 0    -1.44322867     1.93815820    -0.77062140
2013 03 17 11 01 00 0    -1.49505608     1.94209999    -0.77503616
2013 03 17 11 02 00 0    -1.54639690     1.94541283    -0.77919178
2013 03 17 11 03 00 0    -1.59725383     1.94812010    -0.78309667
2013 03 17 11 04 00 0    -1.64762984     1.95024402    -0.78675887
2013 03 17 11 05 00 0    -1.69752817     1.95180574    -0.79018608
2013 03 17 11 06 00 0    -1.74695224     1.95282540    -0.79338564
2013 03 17 11 07 00 0    -1.79590565     1.95332221    -0.79636460
2013 03 17 11 08 00 0    -1.84439216     1.95331445    -0.79912968
2013 03 17 11 09 00 0    -1.89241562     1.95281959    -0.80168736
2013 03 17 11 10 00 0    -1.93998002     1.95185427    -0.80404381
2013 03 17 11 11 00 0    -1.98708934     1.95043440    -0.80620497
2013 03 17 11 12 00 0    -2.03374769     1.94857517    -0.80817654
2013 03 17 11 13 00 0    -2.07995922     1.94629112    -0.80996397
2013 03 17 11 14 00 0    -2.12572808     1.94359613    -0.81157253
2013 03 17 11 15 00 0    -2.17105845     1.94050350    -0.81300726
2013 03 17 11 16 00 0    -2.21595453     1.93702596    -0.81427300
2013 03 17 11 17 00 0    -2.26042049     1.93317570    -0.81537444
2013 03 17 11 18 00 0    -2.30446052     1.92896440    -0.81631607
2013 03 17 11 19 00 0    -2.34807877     1.92440327    -0.81710220
2013 03 17 11 20 00 0    -2.39127937     1.91950306    -0.81773702
2013 03 17 11 21 00 0    -2.43406647     1.91427408    -0.81822454
2013 03 17 11 22 00 0    -2.47644407     1.90872624    -0.81856864
2013 03 17 11 23 00 0    -2.51841624     1.90286906    -0.81877306
2013 03 17 11 24 00 0    -2.55998698     1.89671168    -0.81884142
2013 03 17 11 25 00 0    -2.60116025     1.89026290    -0.81877720
2013 03 17 11 26 00 0    -2.64193995     1.88353117    -0.81858377
2013 03 17 11 27 00 0    -2.68232995     1.87652465    -0.81826439
2013 03 17 11 28 00 0    -2.72233406     1.86925115    -0.81782222
2013 03 17 11 29 00 0    -2.76195604     1.86171825    -0.81726031
2013 03 17 11 30 00 0    -2.80119962     1.85393321    -0.81658160
2013 03 17 11 31 00 0    -2.84006843     1.84590304    -0.81578897
2013 03 17 11 32 00 0    -2.87856613     1.83763451    -0.81488517
2013 03 17 11 33 00 0    -2.91669622     1.82913414    -0.81387290
2013 03 17 11 34 00 0    -2.95446221     1.82040824    -0.81275476
2013 03 17 11 35 00 0    -2.99186757     1.81146287    -0.81153328
2013 03 17 11 36 00 0    -3.02891568     1.80230391    -0.81021091
2013 03 17 11 37 00 0    -3.06560988     1.79293704    -0.80879003
2013 03 17 11 38 00 0    -3.10195347     1.78336774    -0.80727295
2013 03 17 11 39 00 0    -3.13794968     1.77360130    -0.80566192
2013 03 17 11 40 00 0    -3.17360169     1.76364286    -0.80395912
2013 03 17 11 41 00 0    -3.20891264     1.75349738    -0.80216668
2013 03 17 11 42 00 0    -3.24388560     1.74316965    -0.80028667
2013 03 17 11 43 00 0    -3.27852361     1.73266433    -0.79832108
2013 03 17 11 44 00 0    -3.31282966     1.72198591    -0.79627189
2013 03 17 11 45 00 0    -3.34680664     1.71113877    -0.79414099
2013 03 17 11 46 00 0    -3.38045745     1.70012713    -0.79193025
2013 03 17 11 47 00 0    -3.41378492     1.68895508    -0.78964146
2013 03 17 11 48 00 0    -3.44679183     1.67762660    -0.78727640
2013 03 17 11 49 00 0    -3.47948093     1.66614553    -0.78483678
2013 03 17 11 50 00 0    -3.51185490     1.65451563    -0.78232427
2013 03 17 11 51 00 0    -3.54391639     1.64274052    -0.77974052
2013 03 17 11 52 00 0    -3.57566800     1.63082372    -0.77708713
2013 03 17 11 53 00 0    -3.60711228     1.61876866    -0.77436564
2013 03 17 11 54 00 0    -3.63825174     1.60657865    -0.77157758
2013 03 17 11 55 00 0    -3.66908889     1.59425692    -0.76872445
2013 03 17 11 56 00 0    -3.69962609     1.58180662    -0.76580769
2013 03 17 11 57 00 0    -3.72986577     1.56923080    -0.76282872
2013 03 17 11 58 00 0    -3.75981027     1.55653243    -0.75978893
2013 03 17 11 59 00 0    -3.78946189     1.54371438    -0.75668969
2013 03 17 12 00 00 0    -3.81882291     1.53077947    -0.75353232
2013 03 17 12 01 00 0    -3.84789555     1.51773042    -0.75031812
2013 03 17 12 02 00 0    -3.87668201     1.50456991    -0.74704836
2013 03 17 12 03 00 0    -3.90518444     1.49130051    -0.74372430
2013 03 17 12 04 00 0    -3.93340496     1.47792475    -0.74034714
2013 03 17 12 05 00 0    -3.96134566     1.46444509    -0.73691810
2013 03 17 12 06 00 0    -3.98900860     1.45086391    -0.73343833
2013 03 17 12 07 00 0    -4.01639575     1.43718356    -0.72990898
2013 03 17 12 08 00 0    -4.04350913     1.42340630    -0.72633120
2013 03 17 12 09 00 0    -4.07035068     1.40953437    -0.72270606
2013 03 17 12 10 00 0    -4.09692232     1.39556990    -0.71903467
2013 03 17 12 11 00 0    -4.12322592     1.38151503    -0.71531808
2013 03 17 12 12 00 0    -4.14926335     1.36737179    -0.71155733
2013 03 17 12 13 00 0    -4.17503642     1.35314221    -0.70775344
2013 03 17 12 14 00 0    -4.20054693     1.33882824    -0.70390743
2013 03 17 12 15 00 0    -4.22579665     1.32443180    -0.70002027
2013 03 17 12 16 00 0    -4.25078731     1.30995476    -0.69609294
2013 03 17 12 17 00 0    -4.27552062     1.29539893    -0.69212637
2013 03 17 12 18 00 0    -4.29999825     1.28076611    -0.68812152
2013 03 17 12 19 00 0    -4.32422185     1.26605805    -0.68407929
2013 03 17 12 20 00 0    -4.34819306     1.25127643    -0.68000059
2013 03 17 12 21 00 0    -4.37191346     1.23642294    -0.67588631
2013 03 17 12 22 00 0    -4.39538464     1.22149919    -0.67173731
2013 03 17 12 23 00 0    -4.41860814     1.20650679    -0.66755446
2013 03 17 12 24 00 0    -4.44158549     1.19144728    -0.66333860
2013 03 17 12 25 00 0    -4.46431819     1.17632219    -0.65909056
2013 03 17 12 26 00 0    -4.48680770     1.16113302    -0.65481115
2013 03 17 12 27 00 0    -4.50905549     1.14588122    -0.65050118
2013 03 17 12 28 00 0    -4.53106297     1.13056822    -0.64616144
2013 03 17 12 29 00 0    -4.55283158     1.11519541    -0.64179270
2013 03 17 12 30 00 0    -4.57436267     1.09976419    -0.63739574
2013 03 17 12 31 00 0    -4.59565761     1.08427588    -0.63297132
2013 03 17 12 32 00 0    -4.61671775     1.06873180    -0.62852016
2013 03 17 12 33 00 0    -4.63754440     1.05313324    -0.62404302
2013 03 17 12 34 00 0    -4.65813886     1.03748147    -0.61954059
2013 03 17 12 35 00 0    -4.67850243     1.02177771    -0.61501361
2013 03 17 12 36 00 0    -4.69863634     1.00602319    -0.61046277
2013 03 17 12 37 00 0    -4.71854185     0.99021909    -0.60588876
2013 03 17 12 38 00 0    -4.73822018     0.97436659    -0.60129226
2013 03 17 12 39 00 0    -4.75767252     0.95846683    -0.59667394
2013 03 17 12 40 00 0    -4.77690007     0.94252092    -0.59203446
2013 03 17 12 41 00 0    -4.79590398     0.92652999    -0.58737449
2013 03 17 12 42 00 0    -4.81468540     0.91049511    -0.58269465
2013 03 17 12 43 00 0    -4.83324546     0.89441734    -0.57799560
2013 03 17 12 44 00 0    -4.85158528     0.87829774    -0.57327794
2013 03 17 12 45 00 0    -4.86970594     0.86213731    -0.56854231
2013 03 17 12 46 00 0    -4.88760854     0.84593708    -0.56378931
2013 03 17 12 47 00 0    -4.90529413     0.82969802    -0.55901954
2013 03 17 12 48 00 0    -4.92276376     0.81342112    -0.55423360
2013 03 17 12 49 00 0    -4.94001846     0.79710734    -0.54943207
2013 03 17 12 50 00 0    -4.95705924     0.78075760    -0.54461554
2013 03 17 12 51 00 0    -4.97388711     0.76437282    -0.53978458
2013 03 17 12 52 00 0    -4.99050304     0.74795394    -0.53493974
2013 03 17 12 53 00 0    -5.00690801     0.73150184    -0.53008159
2013 03 17 12 54 00 0    -5.02310297     0.71501739    -0.52521069
2013 03 17 12 55 00 0    -5.03908886     0.69850147    -0.52032756
2013 03 17 12 56 00 0    -5.05486661     0.68195492    -0.51543276
2013 03 17 12 57 00 0    -5.07043713     0.66537858    -0.51052680
2013 03 17 12 58 00 0    -5.08580132     0.64877328    -0.50561022
2013 03 17 12 59 00 0    -5.10096007     0.63213984    -0.50068354
2013 03 17 13 00 00 0    -5.11591424     0.61547904    -0.49574726
2013 03 17 13 01 00 0    -5.13066470     0.59879169    -0.49080189
2013 03 17 13 02 00 0    -5.14521230     0.58207855    -0.48584794
2013 03 17 13 03 00 0    -5.15955786     0.56534040    -0.48088589
2013 03 17 13 04 00 0    -5.17370220     0.54857799    -0.47591623
2013 03 17 13 05 00 0    -5.18764614     0.53179207    -0.47093946
2013 03 17 13 06 00 0    -5.20139046     0.51498336    -0.46595604
2013 03 17 13 07 00 0    -5.21493597     0.49815260    -0.46096645
2013 03 17 13 08 00 0    -5.22828342     0.48130049    -0.45597115
2013 03 17 13 09 00 0    -5.24143358     0.46442774    -0.45097061
2013 03 17 13 10 00 0    -5.25438720     0.44753505    -0.44596529
2013 03 17 13 11 00 0    -5.26714502     0.43062309    -0.44095563
2013 03 17 13 12 00 0    -5.27970776     0.41369256    -0.43594208
2013 03 17 13 13 00 0    -5.29207614     0.39674412    -0.43092508
2013 03 17 13 14 00 0    -5.30425088     0.37977841    -0.42590507
2013 03 17 13 15 00 0    -5.31623265     0.36279611    -0.42088248
2013 03 17 13 16 00 0    -5.32802214     0.34579786    -0.41585774
2013 03 17 13 17 00 0    -5.33962004     0.32878429    -0.41083127
2013 03 17 13 18 00 0    -5.35102700     0.31175603    -0.40580350
2013 03 17 13 19 00 0    -5.36224368     0.29471371    -0.40077483
2013 03 17 13 20 00 0    -5.37327072     0.27765793    -0.39574567
2013 03 17 13 21 00 0    -5.38410876     0.26058931    -0.39071643
2013 03 17 13 22 00 0    -5.39475841     0.24350845    -0.38568751
2013 03 17 13 23 00 0    -5.40522031     0.22641594    -0.38065930
2013 03 17 13 24 00 0    -5.41549504     0.20931238    -0.37563220
2013 03 17 13 25 00 0    -5.42558322     0.19219833    -0.37060660
2013 03 17 13 26 00 0    -5.43548541     0.17507439    -0.36558288
2013 03 17 13 27 00 0    -5.44520221     0.15794112    -0.36056143
2013 03 17 13 28 00 0    -5.45473418     0.14079910    -0.35554261
2013 03 17 13 29 00 0    -5.46408189     0.12364887    -0.35052680
2013 03 17 13 30 00 0    -5.47324587     0.10649100    -0.34551437
2013 03 17 13 31 00 0    -5.48222669     0.08932603    -0.34050569
2013 03 17 13 32 00 0    -5.49102486     0.07215451    -0.33550111
2013 03 17 13 33 00 0    -5.49964092     0.05497698    -0.33050099
2013 03 17 13 34 00 0    -5.50807539     0.03779397    -0.32550570
2013 03 17 13 35 00 0    -5.51632877     0.02060602    -0.32051556
2013 03 17 13 36 00 0    -5.52440157     0.00341364    -0.31553094
2013 03 17 13 37 00 0    -5.53229428    -0.01378263    -0.31055218
2013 03 17 13 38 00 0    -5.54000738    -0.03098227    -0.30557962
2013 03 17 13 39 00 0    -5.54754135    -0.04818478    -0.30061359
2013 03 17 13 40 00 0    -5.55489667    -0.06538963    -0.29565442
2013 03 17 13 41 00 0    -5.56207379    -0.08259634    -0.29070245
2013 03 17 13 42 00 0    -5.56907318    -0.09980438    -0.28575800
2013 03 17 13 43 00 0    -5.57589527    -0.11701327    -0.28082140
2013 03 17 13 44 00 0    -5.58254050    -0.13422250    -0.27589296
2013 03 17 13 45 00 0    -5.58900932    -0.15143159    -0.27097299
2013 03 17 13 46 00 0    -5.59530214    -0.16864004    -0.26606182
2013 03 17 13 47 00 0    -5.60141939    -0.18584737    -0.26115976
2013 03 17 13 48 00 0    -5.60736147    -0.20305309    -0.25626710
2013 03 17 13 49 00 0    -5.61312879    -0.22025671    -0.25138415
2013 03 17 13 50 00 0    -5.61872174    -0.23745776    -0.24651122
2013 03 17 13 51 00 0    -5.62414072    -0.25465577    -0.24164861
2013 03 17 13 52 00 0    -5.62938610    -0.27185026    -0.23679659
2013 03 17 13 53 00 0    -5.63445827    -0.28904075    -0.23195547
2013 03 17 13 54 00 0    -5.63935760    -0.30622678    -0.22712554
2013 03 17 13 55 00 0    -5.64408445    -0.32340789    -0.22230708
2013 03 17 13 56 00 0    -5.64863917    -0.34058360    -0.21750037
2013 03 17 13 57 00 0    -5.65302211    -0.35775345    -0.21270570
2013 03 17 13 58 00 0    -5.65723363    -0.37491699    -0.20792333
2013 03 17 13 59 00 0    -5.66127406    -0.39207375    -0.20315355
2013 03 17 14 00 00 0    -5.66514372    -0.40922327    -0.19839662
2013 03 17 14 01 00 0    -5.66884294    -0.42636510    -0.19365281
2013 03 17 14 02 00 0    -5.67237205    -0.44349878    -0.18892240
2013 03 17 14 03 00 0    -5.67573135    -0.46062386    -0.18420563
2013 03 17 14 04 00 0    -5.67892115    -0.47773988    -0.17950277
2013 03 17 14 05 00 0    -5.68194175    -0.49484640    -0.17481408
2013 03 17 14 06 00 0    -5.68479345    -0.51194296    -0.17013981
2013 03 17 14 07 00 0    -5.68747653    -0.52902912    -0.16548022
2013 03 17 14 08 00 0    -5.68999128    -0.54610443    -0.16083555
2013 03 17 14 09 00 0    -5.69233797    -0.56316844    -0.15620604
2013 03 17 14 10 00 0    -5.69451687    -0.58022072    -0.15159194
2013 03 17 14 11 00 0    -5.69652825    -0.59726079    -0.14699350
2013 03 17 14 12 00 0    -5.69837237    -0.61428823    -0.14241096
2013 03 17 14 13 00 0    -5.70004948    -0.63130259    -0.13784453
2013 03 17 14 14 00 0    -5.70155983    -0.64830343    -0.13329447
2013 03 17 14 15 00 0    -5.70290366    -0.66529030    -0.12876100
2013 03 17 14 16 00 0    -5.70408121    -0.68226276    -0.12424434
2013 03 17 14 17 00 0    -5.70509271    -0.69922037    -0.11974473
2013 03 17 14 18 00 0    -5.70593838    -0.71616268    -0.11526239
2013 03 17 14 19 00 0    -5.70661845    -0.73308925    -0.11079753
2013 03 17 14 20 00 0    -5.70713313    -0.74999965    -0.10635038
2013 03 17 14 21 00 0    -5.70748262    -0.76689343    -0.10192114
2013 03 17 14 22 00 0    -5.70766714    -0.78377014    -0.09751004
2013 03 17 14 23 00 0    -5.70768689    -0.80062934    -0.09311729
2013 03 17 14 24 00 0    -5.70754205    -0.81747059    -0.08874308
2013 03 17 14 25 00 0    -5.70723281    -0.83429344    -0.08438763
2013 03 17 14 26 00 0    -5.70675936    -0.85109746    -0.08005113
2013 03 17 14 27 00 0    -5.70612187    -0.86788219    -0.07573380
2013 03 17 14 28 00 0    -5.70532052    -0.88464720    -0.07143583
2013 03 17 14 29 00 0    -5.70435547    -0.90139204    -0.06715740
2013 03 17 14 30 00 0    -5.70322689    -0.91811626    -0.06289873
2013 03 17 14 31 00 0    -5.70193493    -0.93481941    -0.05865999
2013 03 17 14 32 00 0    -5.70047975    -0.95150107    -0.05444137
2013 03 17 14 33 00 0    -5.69886149    -0.96816075    -0.05024307
2013 03 17 14 34 00 0    -5.69708029    -0.98479803    -0.04606526
2013 03 17 14 35 00 0    -5.69513630    -1.00141244    -0.04190813
2013 03 17 14 36 00 0    -5.69302963    -1.01800354    -0.03777185
2013 03 17 14 37 00 0    -5.69076043    -1.03457088    -0.03365661
2013 03 17 14 38 00 0    -5.68832881    -1.05111401    -0.02956257
2013 03 17 14 39 00 0    -5.68573488    -1.06763246    -0.02548991
2013 03 17 14 40 00 0    -5.68297877    -1.08412578    -0.02143880
2013 03 17 14 41 00 0    -5.68006057    -1.10059352    -0.01740940
2013 03 17 14 42 00 0    -5.67698040    -1.11703521    -0.01340188
2013 03 17 14 43 00 0    -5.67373834    -1.13345039    -0.00941641
2013 03 17 14 44 00 0    -5.67033449    -1.14983862    -0.00545313
2013 03 17 14 45 00 0    -5.66676893    -1.16619940    -0.00151222
2013 03 17 14 46 00 0    -5.66304176    -1.18253229     0.00240617
2013 03 17 14 47 00 0    -5.65915305    -1.19883681     0.00630189
2013 03 17 14 48 00 0    -5.65510286    -1.21511249     0.01017479
2013 03 17 14 49 00 0    -5.65089128    -1.23135887     0.01402472
2013 03 17 14 50 00 0    -5.64651836    -1.24757547     0.01785153
2013 03 17 14 51 00 0    -5.64198416    -1.26376181     0.02165508
2013 03 17 14 52 00 0    -5.63728873    -1.27991742     0.02543522
2013 03 17 14 53 00 0    -5.63243213    -1.29604181     0.02919182
2013 03 17 14 54 00 0    -5.62741440    -1.31213451     0.03292474
2013 03 17 14 55 00 0    -5.62223558    -1.32819504     0.03663384
2013 03 17 14 56 00 0    -5.61689570    -1.34422289     0.04031899
2013 03 17 14 57 00 0    -5.61139480    -1.36021759     0.04398006
2013 03 17 14 58 00 0    -5.60573290    -1.37617863     0.04761691
2013 03 17 14 59 00 0    -5.59991002    -1.39210553     0.05122943
2013 03 17 15 00 00 0    -5.59392617    -1.40799779     0.05481748
2013 03 17 15 01 00 0    -5.58778138    -1.42385491     0.05838095
2013 03 17 15 02 00 0    -5.58147563    -1.43967638     0.06191971
2013 03 17 15 03 00 0    -5.57500895    -1.45546170     0.06543365
2013 03 17 15 04 00 0    -5.56838132    -1.47121036     0.06892265
2013 03 17 15 05 00 0    -5.56159273    -1.48692185     0.07238659
2013 03 17 15 06 00 0    -5.55464317    -1.50259566     0.07582538
2013 03 17 15 07 00 0    -5.54753263    -1.51823125     0.07923888
2013 03 17 15 08 00 0    -5.54026109    -1.53382811     0.08262701
2013 03 17 15 09 00 0    -5.53282852    -1.54938572     0.08598965
2013 03 17 15 10 00 0    -5.52523488    -1.56490355     0.08932671
2013 03 17 15 11 00 0    -5.51748014    -1.58038106     0.09263807
2013 03 17 15 12 00 0    -5.50956426    -1.59581772     0.09592364
2013 03 17 15 13 00 0    -5.50148720    -1.61121298     0.09918333
2013 03 17 15 14 00 0    -5.49324890    -1.62656631     0.10241705
2013 03 17 15 15 00 0    -5.48484931    -1.64187716     0.10562469
2013 03 17 15 16 00 0    -5.47628837    -1.65714497     0.10880616
2013 03 17 15 17 00 0    -5.46756600    -1.67236920     0.11196140
2013 03 17 15 18 00 0    -5.45868216    -1.68754927     0.11509029
2013 03 17 15 19 00 0    -5.44963676    -1.70268462     0.11819277
2013 03 17 15 20 00 0    -5.44042972    -1.71777469     0.12126874
2013 03 17 15 21 00 0    -5.43106096    -1.73281891     0.12431814
2013 03 17 15 22 00 0    -5.42153039    -1.74781669     0.12734088
2013 03 17 15 23 00 0    -5.41183791    -1.76276745     0.13033688
2013 03 17 15 24 00 0    -5.40198343    -1.77767062     0.13330608
2013 03 17 15 25 00 0    -5.39196685    -1.79252559     0.13624841
2013 03 17 15 26 00 0    -5.38178805    -1.80733177     0.13916378
2013 03 17 15 27 00 0    -5.37144692    -1.82208856     0.14205214
2013 03 17 15 28 00 0    -5.36094335    -1.83679535     0.14491343
2013 03 17 15 29 00 0    -5.35027720    -1.85145154     0.14774757
2013 03 17 15 30 00 0    -5.33944836    -1.86605649     0.15055451
2013 03 17 15 31 00 0    -5.32845669    -1.88060959     0.15333419
2013 03 17 15 32 00 0    -5.31730206    -1.89511022     0.15608655
2013 03 17 15 33 00 0    -5.30598431    -1.90955773     0.15881154
2013 03 17 15 34 00 0    -5.29450331    -1.92395149     0.16150910
2013 03 17 15 35 00 0    -5.28285890    -1.93829086     0.16417918
2013 03 17 15 36 00 0    -5.27105091    -1.95257517     0.16682174
2013 03 17 15 37 00 0    -5.25907920    -1.96680379     0.16943673
2013 03 17 15 38 00 0    -5.24694358    -1.98097603     0.17202410
2013 03 17 15 39 00 0    -5.23464389    -1.99509124     0.17458381
2013 03 17 15 40 00 0    -5.22217994    -2.00914874     0.17711583
2013 03 17 15 41 00 0    -5.20955156    -2.02314783     0.17962010
2013 03 17 15 42 00 0    -5.19675856    -2.03708783     0.18209660
2013 03 17 15 43 00 0    -5.18380073    -2.05096805     0.18454529
2013 03 17 15 44 00 0    -5.17067789    -2.06478778     0.18696614
2013 03 17 15 45 00 0    -5.15738982    -2.07854631     0.18935911
2013 03 17 15 46 00 0    -5.14393631    -2.09224293     0.19172418
2013 03 17 15 47 00 0    -5.13031716    -2.10587690     0.19406132
2013 03 17 15 48 00 0    -5.11653213    -2.11944749     0.19637051
2013 03 17 15 49 00 0    -5.10258101    -2.13295397     0.19865172
2013 03 17 15 50 00 0    -5.08846355    -2.14639558     0.20090494
2013 03 17 15 51 00 0    -5.07417952    -2.15977158     0.20313013
2013 03 17 15 52 00 0    -5.05972869    -2.17308118     0.20532730
2013 03 17 15 53 00 0    -5.04511080    -2.18632362     0.20749641
2013 03 17 15 54 00 0    -5.03032559    -2.19949812     0.20963746
2013 03 17 15 55 00 0    -5.01537282    -2.21260389     0.21175043
2013 03 17 15 56 00 0    -5.00025220    -2.22564012     0.21383533
2013 03 17 15 57 00 0    -4.98496348    -2.23860602     0.21589213
2013 03 17 15 58 00 0    -4.96950637    -2.25150076     0.21792083
2013 03 17 15 59 00 0    -4.95388059    -2.26432351     0.21992143
2013 03 17 16 00 00 0    -4.93808586    -2.27707344     0.22189393
2013 03 17 16 01 00 0    -4.92212187    -2.28974971     0.22383833
2013 03 17 16 02 00 0    -4.90598832    -2.30235145     0.22575462
2013 03 17 16 03 00 0    -4.88968493    -2.31487780     0.22764282
2013 03 17 16 04 00 0    -4.87321136    -2.32732789     0.22950292
2013 03 17 16 05 00 0    -4.85656731    -2.33970081     0.23133493
2013 03 17 16 06 00 0    -4.83975244    -2.35199569     0.23313887
2013 03 17 16 07 00 0    -4.82276643    -2.36421160     0.23491474
2013 03 17 16 08 00 0    -4.80560893    -2.37634762     0.23666256
2013 03 17 16 09 00 0    -4.78827962    -2.38840284     0.23838234
2013 03 17 16 10 00 0    -4.77077813    -2.40037629     0.24007409
2013 03 17 16 11 00 0    -4.75310412    -2.41226703     0.24173784
2013 03 17 16 12 00 0    -4.73525721    -2.42407408     0.24337360
2013 03 17 16 13 00 0    -4.71723705    -2.43579647     0.24498140
2013 03 17 16 14 00 0    -4.69904324    -2.44743321     0.24656126
2013 03 17 16 15 00 0    -4.68067543    -2.45898327     0.24811319
2013 03 17 16 16 00 0    -4.66213322    -2.47044566     0.24963723
2013 03 17 16 17 00 0    -4.64341621    -2.48181932     0.25113341
2013 03 17 16 18 00 0    -4.62452401    -2.49310322     0.25260176
2013 03 17 16 19 00 0    -4.60545620    -2.50429629     0.25404230
2013 03 17 16 20 00 0    -4.58621237    -2.51539746     0.25545508
2013 03 17 16 21 00 0    -4.56679209    -2.52640563     0.25684011
2013 03 17 16 22 00 0    -4.54719495    -2.53731970     0.25819745
2013 03 17 16 23 00 0    -4.52742049    -2.54813856     0.25952713
2013 03 17 16 24 00 0    -4.50746829    -2.55886105     0.26082918
2013 03 17 16 25 00 0    -4.48733788    -2.56948603     0.26210365
2013 03 17 16 26 00 0    -4.46702882    -2.58001233     0.26335058
2013 03 17 16 27 00 0    -4.44654065    -2.59043875     0.26457002
2013 03 17 16 28 00 0    -4.42587288    -2.60076410     0.26576201
2013 03 17 16 29 00 0    -4.40502505    -2.61098715     0.26692659
2013 03 17 16 30 00 0    -4.38399666    -2.62110666     0.26806381
2013 03 17 16 31 00 0    -4.36278722    -2.63112137     0.26917374
2013 03 17 16 32 00 0    -4.34139623    -2.64103002     0.27025640
2013 03 17 16 33 00 0    -4.31982318    -2.65083128     0.27131187
2013 03 17 16 34 00 0    -4.29806755    -2.66052386     0.27234018
2013 03 17 16 35 00 0    -4.27612883    -2.67010641     0.27334141
2013 03 17 16 36 00 0    -4.25400646    -2.67957759     0.27431559
2013 03 17 16 37 00 0    -4.23169993    -2.68893599     0.27526280
2013 03 17 16 38 00 0    -4.20920868    -2.69818023     0.27618309
2013 03 17 16 39 00 0    -4.18653216    -2.70730887     0.27707652
2013 03 17 16 40 00 0    -4.16366980    -2.71632048     0.27794315
2013 03 17 16 41 00 0    -4.14062103    -2.72521359     0.27878305
2013 03 17 16 42 00 0    -4.11738528    -2.73398669     0.27959627
2013 03 17 16 43 00 0    -4.09396194    -2.74263828     0.28038289
2013 03 17 16 44 00 0    -4.07035043    -2.75116680     0.28114297
2013 03 17 16 45 00 0    -4.04655014    -2.75957069     0.28187658
2013 03 17 16 46 00 0    -4.02256046    -2.76784836     0.28258378
2013 03 17 16 47 00 0    -3.99838075    -2.77599817     0.28326465
2013 03 17 16 48 00 0    -3.97401041    -2.78401848     0.28391925
2013 03 17 16 49 00 0    -3.94944878    -2.79190761     0.28454766
2013 03 17 16 50 00 0    -3.92469522    -2.79966384     0.28514994
2013 03 17 16 51 00 0    -3.89974908    -2.80728545     0.28572618
2013 03 17 16 52 00 0    -3.87460968    -2.81477065     0.28627645
2013 03 17 16 53 00 0    -3.84927636    -2.82211766     0.28680081
2013 03 17 16 54 00 0    -3.82374842    -2.82932463     0.28729935
2013 03 17 16 55 00 0    -3.79802519    -2.83638970     0.28777213
2013 03 17 16 56 00 0    -3.77210595    -2.84331096     0.28821925
2013 03 17 16 57 00 0    -3.74599000    -2.85008649     0.28864077
2013 03 17 16 58 00 0    -3.71967661    -2.85671430     0.28903677
2013 03 17 16 59 00 0    -3.69316505    -2.86319239     0.28940733
2013 03 17 17 00 00 0    -3.66645461    -2.86951871     0.28975253
2013 03 17 17 01 00 0    -3.63954452    -2.87569118     0.29007245
2013 03 17 17 02 00 0    -3.61243404    -2.88170766     0.29036717
2013 03 17 17 03 00 0    -3.58512239    -2.88756599     0.29063676
2013 03 17 17 04 00 0    -3.55760880    -2.89326396     0.29088131
2013 03 17 17 05 00 0    -3.52989249    -2.89879931     0.29110089
2013 03 17 17 06 00 0    -3.50197266    -2.90416974     0.29129560
2013 03 17 17 07 00 0    -3.47384852    -2.90937291     0.29146549
2013 03 17 17 08 00 0    -3.44551925    -2.91440643     0.29161067
2013 03 17 17 09 00 0    -3.41698403    -2.91926785     0.29173119
2013 03 17 17 10 00 0    -3.38824201    -2.92395468     0.29182716
2013 03 17 17 11 00 0    -3.35929239    -2.92846437     0.29189864
2013 03 17 17 12 00 0    -3.33013430    -2.93279433     0.29194571
2013 03 17 17 13 00 0    -3.30076689    -2.93694190     0.29196845
2013 03 17 17 14 00 0    -3.27118929    -2.94090438     0.29196694
2013 03 17 17 15 00 0    -3.24140063    -2.94467899     0.29194126
2013 03 17 17 16 00 0    -3.21140001    -2.94826291     0.29189147
2013 03 17 17 17 00 0    -3.18118656    -2.95165325     0.29181767
2013 03 17 17 18 00 0    -3.15075936    -2.95484704     0.29171991
2013 03 17 17 19 00 0    -3.12011750    -2.95784128     0.29159828
2013 03 17 17 20 00 0    -3.08926008    -2.96063287     0.29145285
2013 03 17 17 21 00 0    -3.05818614    -2.96321865     0.29128368
2013 03 17 17 22 00 0    -3.02689478    -2.96559539     0.29109085
2013 03 17 17 23 00 0    -2.99538505    -2.96775978     0.29087442
2013 03 17 17 24 00 0    -2.96365600    -2.96970844     0.29063446
2013 03 17 17 25 00 0    -2.93170666    -2.97143790     0.29037102
2013 03 17 17 26 00 0    -2.89953609    -2.97294462     0.29008419
2013 03 17 17 27 00 0    -2.86714330    -2.97422496     0.28977400
2013 03 17 17 28 00 0    -2.83452732    -2.97527521     0.28944052
2013 03 17 17 29 00 0    -2.80168717    -2.97609154     0.28908380
2013 03 17 17 30 00 0    -2.76862187    -2.97667006     0.28870390
2013 03 17 17 31 00 0    -2.73533042    -2.97700676     0.28830086
2013 03 17 17 32 00 0    -2.70181180    -2.97709754     0.28787472
2013 03 17 17 33 00 0    -2.66806507    -2.97693818     0.28742554
2013 03 17 17 34 00 0    -2.63408919    -2.97652436     0.28695333
2013 03 17 17 35 00 0    -2.59988317    -2.97585167     0.28645815
2013 03 17 17 36 00 0    -2.56544600    -2.97491554     0.28594001
2013 03 17 17 37 00 0    -2.53077667    -2.97371131     0.28539895
2013 03 17 17 38 00 0    -2.49587418    -2.97223419     0.28483498
2013 03 17 17 39 00 0    -2.46073753    -2.97047925     0.28424812
2013 03 17 17 40 00 0    -2.42536571    -2.96844145     0.28363838
2013 03 17 17 41 00 0    -2.38975774    -2.96611558     0.28300576
2013 03 17 17 42 00 0    -2.35391262    -2.96349630     0.28235026
2013 03 17 17 43 00 0    -2.31782936    -2.96057813     0.28167187
2013 03 17 17 44 00 0    -2.28150698    -2.95735541     0.28097058
2013 03 17 17 45 00 0    -2.24494454    -2.95382233     0.28024635
2013 03 17 17 46 00 0    -2.20814108    -2.94997293     0.27949917
2013 03 17 17 47 00 0    -2.17109566    -2.94580103     0.27872900
2013 03 17 17 48 00 0    -2.13380736    -2.94130032     0.27793578
2013 03 17 17 49 00 0    -2.09627526    -2.93646426     0.27711946
2013 03 17 17 50 00 0    -2.05849850    -2.93128612     0.27627997
2013 03 17 17 51 00 0    -2.02047621    -2.92575899     0.27541724
2013 03 17 17 52 00 0    -1.98220757    -2.91987571     0.27453118
2013 03 17 17 53 00 0    -1.94369177    -2.91362893     0.27362168
2013 03 17 17 54 00 0    -1.90492806    -2.90701104     0.27268864
2013 03 17 17 55 00 0    -1.86591568    -2.90001419     0.27173194
2013 03 17 17 56 00 0    -1.82665400    -2.89263031     0.27075143
2013 03 17 17 57 00 0    -1.78714237    -2.88485103     0.26974696
2013 03 17 17 58 00 0    -1.74738020    -2.87666772     0.26871836
2013 03 17 17 59 00 0    -1.70736697    -2.86807145     0.26766544
2013 03 17 18 00 00 0    -1.66710224    -2.85905300     0.26658801
2013 03 17 18 01 00 0    -1.62658560    -2.84960284     0.26548585
2013 03 17 18 02 00 0    -1.58581677    -2.83971111     0.26435870
2013 03 17 18 03 00 0    -1.54479551    -2.82936759     0.26320631
2013 03 17 18 04 00 0    -1.50352172    -2.81856172     0.26202839
2013 03 17 18 05 00 0    -1.46199538    -2.80728256     0.26082464
2013 03 17 18 06 00 0    -1.42021656    -2.79551876     0.25959472
2013 03 17 18 07 00 0    -1.37818555    -2.78325858     0.25833828
2013 03 17 18 08 00 0    -1.33590268    -2.77048984     0.25705492
2013 03 17 18 09 00 0    -1.29336850    -2.75719991     0.25574423
2013 03 17 18 10 00 0    -1.25058369    -2.74337566     0.25440575
2013 03 17 18 11 00 0    -1.20754913    -2.72900350     0.25303900
2013 03 17 18 12 00 0    -1.16426590    -2.71406929     0.25164346
2013 03 17 18 13 00 0    -1.12073533    -2.69855835     0.25021858
2013 03 17 18 14 00 0    -1.07695896    -2.68245543     0.24876374
2013 03 17 18 15 00 0    -1.03293863    -2.66574465     0.24727830
2013 03 17 18 16 00 0    -0.98867645    -2.64840953     0.24576158
2013 03 17 18 17 00 0    -0.94417485    -2.63043287     0.24421282
2013 03 17 18 18 00 0    -0.89943670    -2.61179684     0.24263124
2013 03 17 18 19 00 0    -0.85446517    -2.59248280     0.24101599
2013 03 17 18 20 00 0    -0.80926389    -2.57247136     0.23936613
2013 03 17 18 21 00 0    -0.76383699    -2.55174233     0.23768071
2013 03 17 18 22 00 0    -0.71818908    -2.53027463     0.23595866
2013 03 17 18 23 00 0    -0.67232540    -2.50804629     0.23419887
2013 03 17 18 24 00 0    -0.62625179    -2.48503437     0.23240013
2013 03 17 18 25 00 0    -0.57997481    -2.46121497     0.23056115
2013 03 17 18 26 00 0    -0.53350176    -2.43656309     0.22868056
2013 03 17 18 27 00 0    -0.48684084    -2.41105265     0.22675687
2013 03 17 18 28 00 0    -0.44000115    -2.38465639     0.22478849
2013 03 17 18 29 00 0    -0.39299282    -2.35734582     0.22277374
2013 03 17 18 30 00 0    -0.34582723    -2.32909123     0.22071080
2013 03 17 18 31 00 0    -0.29851691    -2.29986150     0.21859771
2013 03 17 18 32 00 0    -0.25107585    -2.26962411     0.21643239
2013 03 17 18 33 00 0    -0.20351958    -2.23834509     0.21421262
2013 03 17 18 34 00 0    -0.15586539    -2.20598892     0.21193598
2013 03 17 18 35 00 0    -0.10813245    -2.17251848     0.20959992
2013 03 17 18 36 00 0    -0.06034208    -2.13789499     0.20720170
2013 03 17 18 37 00 0    -0.01251794    -2.10207796     0.20473835
2013 03 17 18 38 00 0     0.03531367    -2.06502511     0.20220674
2013 03 17 18 39 00 0     0.08312355    -2.02669234     0.19960348
2013 03 17 18 40 00 0     0.13087928    -1.98703370     0.19692496
2013 03 17 18 41 00 0     0.17854475    -1.94600142     0.19416731
2013 03 17 18 42 00 0     0.22607993    -1.90354579     0.19132639
2013 03 17 18 43 00 0     0.27344032    -1.85961529     0.18839777
2013 03 17 18 44 00 0     0.32057644    -1.81415659     0.18537674
2013 03 17 18 45 00 0     0.36743332    -1.76711471     0.18225826
2013 03 17 18 46 00 0     0.41394987    -1.71843312     0.17903697
2013 03 17 18 47 00 0     0.46005819    -1.66805398     0.17570717
2013 03 17 18 48 00 0     0.50568291    -1.61591843     0.17226281
2013 03 17 18 49 00 0     0.55074031    -1.56196705     0.16869750
2013 03 17 18 50 00 0     0.59513755    -1.50614031     0.16500452
2013 03 17 18 51 00 0     0.63877173    -1.44837926     0.16117680
2013 03 17 18 52 00 0     0.68152890    -1.38862655     0.15720697
2013 03 17 18 53 00 0     0.72328322    -1.32682727     0.15308740
2013 03 17 18 54 00 0     0.76389594    -1.26293044     0.14881024
2013 03 17 18 55 00 0     0.80321452    -1.19689059     0.14436752
2013 03 17 18 56 00 0     0.84107186    -1.12866975     0.13975125
2013 03 17 18 57 00 0     0.87728571    -1.05823976     0.13495353
2013 03 17 18 58 00 0     0.91165839    -0.98558501     0.12996680
2013 03 17 18 59 00 0     0.94397688    -0.91070554     0.12478400
2013 03 17 19 00 00 0     0.97401358    -0.83362055     0.11939887
2013 03 17 19 01 00 0     1.00152764    -0.75437221     0.11380628
2013 03 17 19 02 00 0     1.02626742    -0.67302960     0.10800258
2013 03 17 19 03 00 0     1.04797377    -0.58969291     0.10198606
2013 03 17 19 04 00 0     1.06638483    -0.50449688     0.09575731
2013 03 17 19 05 00 0     1.08124188    -0.41761405     0.08931977
2013 03 17 19 06 00 0     1.09229658    -0.32925681     0.08268005
2013 03 17 19 07 00 0     1.09931925    -0.23967794     0.07584834
2013 03 17 19 08 00 0     1.10210783    -0.14916922     0.06883864
2013 03 17 19 09 00 0     1.10049697    -0.05805782     0.06166880
2013 03 17 19 10 00 0     1.09436658     0.03329982     0.05436042
2013 03 17 19 11 00 0     1.08364888     0.12452626     0.04693851
2013 03 17 19 12 00 0     1.06833341     0.21523335     0.03943090
2013 03 17 19 13 00 0     1.04846917     0.30503361     0.03186750
2013 03 17 19 14 00 0     1.02416370     0.39355199     0.02427935
2013 03 17 19 15 00 0     0.99557911     0.48043668     0.01669775
2013 03 17 19 16 00 0     0.96292533     0.56536888     0.00915318
2013 03 17 19 17 00 0     0.92645152     0.64806977     0.00167456
2013 03 17 19 18 00 0     0.88643618     0.72830517    -0.00571154
2013 03 17 19 19 00 0     0.84317705     0.80588758    -0.01298140
2013 03 17 19 20 00 0     0.79698146     0.88067568    -0.02011445
2013 03 17 19 21 00 0     0.74815771     0.95257202    -0.02709346
2013 03 17 19 22 00 0     0.69700791     1.02151915    -0.03390447
2013 03 17 19 23 00 0     0.64382226     1.08749499    -0.04053665
2013 03 17 19 24 00 0     0.58887503     1.15050762    -0.04698207
2013 03 17 19 25 00 0     0.53242177     1.21059020    -0.05323540
2013 03 17 19 26 00 0     0.47469794     1.26779589    -0.05929359
2013 03 17 19 27 00 0     0.41591820     1.32219361    -0.06515552
2013 03 17 19 28 00 0     0.35627670     1.37386389    -0.07082171
2013 03 17 19 29 00 0     0.29594777     1.42289555    -0.07629403
2013 03 17 19 30 00 0     0.23508707     1.46938285    -0.08157543
2013 03 17 19 31 00 0     0.17383280     1.51342313    -0.08666970
2013 03 17 19 32 00 0     0.11230717     1.55511501    -0.09158129
2013 03 17 19 33 00 0     0.05061785     1.59455687    -0.09631515
2013 03 17 19 34 00 0    -0.01114067     1.63184574    -0.10087655
2013 03 17 19 35 00 0    -0.07288567     1.66707648    -0.10527099
2013 03 17 19 36 00 0    -0.13454500     1.70034116    -0.10950413
2013 03 17 19 37 00 0    -0.19605574     1.73172859    -0.11358166
2013 03 17 19 38 00 0    -0.25736339     1.76132413    -0.11750927
2013 03 17 19 39 00 0    -0.31842073     1.78920948    -0.12129262
2013 03 17 19 40 00 0    -0.37918699     1.81546262    -0.12493725
2013 03 17 19 41 00 0    -0.43962709     1.84015781    -0.12844861
2013 03 17 19 42 00 0    -0.49971097     1.86336565    -0.13183200
2013 03 17 19 43 00 0    -0.55941293     1.88515313    -0.13509257
2013 03 17 19 44 00 0    -0.61871116     1.90558382    -0.13823531
2013 03 17 19 45 00 0    -0.67758720     1.92471794    -0.14126504
2013 03 17 19 46 00 0    -0.73602558     1.94261250    -0.14418640
2013 03 17 19 47 00 0    -0.79401344     1.95932153    -0.14700388
2013 03 17 19 48 00 0    -0.85154010     1.97489609    -0.14972177
2013 03 17 19 49 00 0    -0.90859699     1.98938457    -0.15234420
2013 03 17 19 50 00 0    -0.96517723     2.00283276    -0.15487515
2013 03 17 19 51 00 0    -1.02127548     2.01528401    -0.15731843
2013 03 17 19 52 00 0    -1.07688770     2.02677935    -0.15967767
2013 03 17 19 53 00 0    -1.13201107     2.03735768    -0.16195637
2013 03 17 19 54 00 0    -1.18664373     2.04705583    -0.16415789
2013 03 17 19 55 00 0    -1.24078474     2.05590872    -0.16628544
2013 03 17 19 56 00 0    -1.29443392     2.06394946    -0.16834208
2013 03 17 19 57 00 0    -1.34759176     2.07120948    -0.17033076
2013 03 17 19 58 00 0    -1.40025935     2.07771861    -0.17225430
2013 03 17 19 59 00 0    -1.45243829     2.08350517    -0.17411540
2013 03 17 20 00 00 0    -1.50413054     2.08859606    -0.17591665
2013 03 17 20 01 00 0    -1.55533852     2.09301689    -0.17766051
2013 03 17 20 02 00 0    -1.60606495     2.09679200    -0.17934937
2013 03 17 20 03 00 0    -1.65631282     2.09994455    -0.18098550
2013 03 17 20 04 00 0    -1.70608537     2.10249661    -0.18257107
2013 03 17 20 05 00 0    -1.75538601     2.10446919    -0.18410818
2013 03 17 20 06 00 0    -1.80421834     2.10588235    -0.18559882
2013 03 17 20 07 00 0    -1.85258610     2.10675521    -0.18704493
2013 03 17 20 08 00 0    -1.90049312     2.10710599    -0.18844833
2013 03 17 20 09 00 0    -1.94794335     2.10695215    -0.18981080
2013 03 17 20 10 00 0    -1.99494082     2.10631031    -0.19113403
2013 03 17 20 11 00 0    -2.04148953     2.10519640    -0.19241965
2013 03 17 20 12 00 0    -2.08759363     2.10362564    -0.19366921
2013 03 17 20 13 00 0    -2.13325724     2.10161261    -0.19488422
2013 03 17 20 14 00 0    -2.17848451     2.09917125    -0.19606612
2013 03 17 20 15 00 0    -2.22327960     2.09631492    -0.19721628
2013 03 17 20 16 00 0    -2.26764666     2.09305644    -0.19833604
2013 03 17 20 17 00 0    -2.31158982     2.08940810    -0.19942667
2013 03 17 20 18 00 0    -2.35511321     2.08538167    -0.20048939
2013 03 17 20 19 00 0    -2.39822092     2.08098848    -0.20152539
2013 03 17 20 20 00 0    -2.44091704     2.07623938    -0.20253579
2013 03 17 20 21 00 0    -2.48320562     2.07114482    -0.20352169
2013 03 17 20 22 00 0    -2.52509062     2.06571484    -0.20448413
2013 03 17 20 23 00 0    -2.56657601     2.05995908    -0.20542411
2013 03 17 20 24 00 0    -2.60766573     2.05388684    -0.20634260
2013 03 17 20 25 00 0    -2.64836364     2.04750706    -0.20724053
2013 03 17 20 26 00 0    -2.68867357     2.04082833    -0.20811881
2013 03 17 20 27 00 0    -2.72859930     2.03385896    -0.20897828
2013 03 17 20 28 00 0    -2.76814457     2.02660695    -0.20981977
2013 03 17 20 29 00 0    -2.80731305     2.01907999    -0.21064409
2013 03 17 20 30 00 0    -2.84610836     2.01128553    -0.21145200
2013 03 17 20 31 00 0    -2.88453410     2.00323073    -0.21224423
2013 03 17 20 32 00 0    -2.92259379     1.99492253    -0.21302150
2013 03 17 20 33 00 0    -2.96029087     1.98636762    -0.21378449
2013 03 17 20 34 00 0    -2.99762878     1.97757247    -0.21453384
2013 03 17 20 35 00 0    -3.03461087     1.96854331    -0.21527021
2013 03 17 20 36 00 0    -3.07124047     1.95928618    -0.21599418
2013 03 17 20 37 00 0    -3.10752083     1.94980694    -0.21670635
2013 03 17 20 38 00 0    -3.14345517     1.94011123    -0.21740728
2013 03 17 20 39 00 0    -3.17904662     1.93020453    -0.21809750
2013 03 17 20 40 00 0    -3.21429831     1.92009213    -0.21877754
2013 03 17 20 41 00 0    -3.24921328     1.90977916    -0.21944790
2013 03 17 20 42 00 0    -3.28379454     1.89927059    -0.22010906
2013 03 17 20 43 00 0    -3.31804503     1.88857124    -0.22076148
2013 03 17 20 44 00 0    -3.35196769     1.87768579    -0.22140560
2013 03 17 20 45 00 0    -3.38556533     1.86661876    -0.22204184
2013 03 17 20 46 00 0    -3.41884077     1.85537456    -0.22267063
2013 03 17 20 47 00 0    -3.45179678     1.84395744    -0.22329234
2013 03 17 20 48 00 0    -3.48443607     1.83237154    -0.22390737
2013 03 17 20 49 00 0    -3.51676131     1.82062090    -0.22451606
2013 03 17 20 50 00 0    -3.54877512     1.80870940    -0.22511877
2013 03 17 20 51 00 0    -3.58048009     1.79664086    -0.22571583
2013 03 17 20 52 00 0    -3.61187873     1.78441895    -0.22630756
2013 03 17 20 53 00 0    -3.64297356     1.77204726    -0.22689427
2013 03 17 20 54 00 0    -3.67376701     1.75952928    -0.22747624
2013 03 17 20 55 00 0    -3.70426152     1.74686840    -0.22805376
2013 03 17 20 56 00 0    -3.73445942     1.73406792    -0.22862710
2013 03 17 20 57 00 0    -3.76436304     1.72113105    -0.22919652
2013 03 17 20 58 00 0    -3.79397469     1.70806092    -0.22976225
2013 03 17 20 59 00 0    -3.82329661     1.69486057    -0.23032453
2013 03 17 21 00 00 0    -3.85233102     1.68153296    -0.23088359
2013 03 17 21 01 00 0    -3.88108009     1.66808100    -0.23143964
2013 03 17 21 02 00 0    -3.90954595     1.65450749    -0.23199288
2013 03 17 21 03 00 0    -3.93773072     1.64081517    -0.23254350
2013 03 17 21 04 00 0    -3.96563645     1.62700672    -0.23309169
2013 03 17 21 05 00 0    -3.99326519     1.61308475    -0.23363762
2013 03 17 21 06 00 0    -4.02061895     1.59905181    -0.23418146
2013 03 17 21 07 00 0    -4.04769966     1.58491037    -0.23472336
2013 03 17 21 08 00 0    -4.07450928     1.57066287    -0.23526346
2013 03 17 21 09 00 0    -4.10104970     1.55631167    -0.23580192
2013 03 17 21 10 00 0    -4.12732279     1.54185908    -0.23633886
2013 03 17 21 11 00 0    -4.15333040     1.52730735    -0.23687440
2013 03 17 21 12 00 0    -4.17907434     1.51265869    -0.23740866
2013 03 17 21 13 00 0    -4.20455638     1.49791524    -0.23794175
2013 03 17 21 14 00 0    -4.22977827     1.48307912    -0.23847377
2013 03 17 21 15 00 0    -4.25474175     1.46815238    -0.23900481
2013 03 17 21 16 00 0    -4.27944849     1.45313703    -0.23953497
2013 03 17 21 17 00 0    -4.30390019     1.43803502    -0.24006432
2013 03 17 21 18 00 0    -4.32809846     1.42284830    -0.24059293
2013 03 17 21 19 00 0    -4.35204492     1.40757874    -0.24112088
2013 03 17 21 20 00 0    -4.37574116     1.39222818    -0.24164823
2013 03 17 21 21 00 0    -4.39918874     1.37679842    -0.24217503
2013 03 17 21 22 00 0    -4.42238920     1.36129122    -0.24270133
2013 03 17 21 23 00 0    -4.44534406     1.34570831    -0.24322718
2013 03 17 21 24 00 0    -4.46805479     1.33005138    -0.24375262
2013 03 17 21 25 00 0    -4.49052288     1.31432208    -0.24427767
2013 03 17 21 26 00 0    -4.51274975     1.29852204    -0.24480238
2013 03 17 21 27 00 0    -4.53473683     1.28265285    -0.24532675
2013 03 17 21 28 00 0    -4.55648551     1.26671607    -0.24585082
2013 03 17 21 29 00 0    -4.57799719     1.25071320    -0.24637459
2013 03 17 21 30 00 0    -4.59927318     1.23464577    -0.24689808
2013 03 17 21 31 00 0    -4.62031483     1.21851524    -0.24742128
2013 03 17 21 32 00 0    -4.64112346     1.20232304    -0.24794419
2013 03 17 21 33 00 0    -4.66170036     1.18607059    -0.24846682
2013 03 17 21 34 00 0    -4.68204679     1.16975927    -0.24898915
2013 03 17 21 35 00 0    -4.70216400     1.15339044    -0.24951116
2013 03 17 21 36 00 0    -4.72205324     1.13696545    -0.25003285
2013 03 17 21 37 00 0    -4.74171571     1.12048558    -0.25055419
2013 03 17 21 38 00 0    -4.76115260     1.10395215    -0.25107515
2013 03 17 21 39 00 0    -4.78036509     1.08736639    -0.25159570
2013 03 17 21 40 00 0    -4.79935435     1.07072956    -0.25211582
2013 03 17 21 41 00 0    -4.81812149     1.05404288    -0.25263547
2013 03 17 21 42 00 0    -4.83666766     1.03730755    -0.25315460
2013 03 17 21 43 00 0    -4.85499395     1.02052473    -0.25367318
2013 03 17 21 44 00 0    -4.87310145     1.00369560    -0.25419115
2013 03 17 21 45 00 0    -4.89099123     0.98682128    -0.25470847
2013 03 17 21 46 00 0    -4.90866436     0.96990289    -0.25522508
2013 03 17 21 47 00 0    -4.92612186     0.95294154    -0.25574093
2013 03 17 21 48 00 0    -4.94336477     0.93593830    -0.25625595
2013 03 17 21 49 00 0    -4.96039409     0.91889424    -0.25677009
2013 03 17 21 50 00 0    -4.97721081     0.90181041    -0.25728328
2013 03 17 21 51 00 0    -4.99381593     0.88468782    -0.25779546
2013 03 17 21 52 00 0    -5.01021037     0.86752752    -0.25830654
2013 03 17 21 53 00 0    -5.02639511     0.85033048    -0.25881646
2013 03 17 21 54 00 0    -5.04237108     0.83309770    -0.25932515
2013 03 17 21 55 00 0    -5.05813920     0.81583014    -0.25983251
2013 03 17 21 56 00 0    -5.07370037     0.79852876    -0.26033848
2013 03 17 21 57 00 0    -5.08905549     0.78119448    -0.26084297
2013 03 17 21 58 00 0    -5.10420543     0.76382825    -0.26134589
2013 03 17 21 59 00 0    -5.11915107     0.74643097    -0.26184715
2013 03 17 22 00 00 0    -5.13389325     0.72900354    -0.26234667
2013 03 17 22 01 00 0    -5.14843282     0.71154685    -0.26284435
2013 03 17 22 02 00 0    -5.16277062     0.69406176    -0.26334009
2013 03 17 22 03 00 0    -5.17690743     0.67654915    -0.26383381
2013 03 17 22 04 00 0    -5.19084408     0.65900987    -0.26432539
2013 03 17 22 05 00 0    -5.20458135     0.64144474    -0.26481474
2013 03 17 22 06 00 0    -5.21812002     0.62385461    -0.26530175
2013 03 17 22 07 00 0    -5.23146087     0.60624028    -0.26578633
2013 03 17 22 08 00 0    -5.24460464     0.58860255    -0.26626836
2013 03 17 22 09 00 0    -5.25755208     0.57094224    -0.26674773
2013 03 17 22 10 00 0    -5.27030393     0.55326011    -0.26722434
2013 03 17 22 11 00 0    -5.28286091     0.53555695    -0.26769807
2013 03 17 22 12 00 0    -5.29522372     0.51783352    -0.26816881
2013 03 17 22 13 00 0    -5.30739308     0.50009058    -0.26863645
2013 03 17 22 14 00 0    -5.31936967     0.48232886    -0.26910086
2013 03 17 22 15 00 0    -5.33115417     0.46454913    -0.26956192
2013 03 17 22 16 00 0    -5.34274724     0.44675210    -0.27001953
2013 03 17 22 17 00 0    -5.35414956     0.42893849    -0.27047355
2013 03 17 22 18 00 0    -5.36536176     0.41110902    -0.27092386
2013 03 17 22 19 00 0    -5.37638450     0.39326439    -0.27137035
2013 03 17 22 20 00 0    -5.38721839     0.37540530    -0.27181288
2013 03 17 22 21 00 0    -5.39786406     0.35753243    -0.27225132
2013 03 17 22 22 00 0    -5.40832212     0.33964648    -0.27268555
2013 03 17 22 23 00 0    -5.41859317     0.32174811    -0.27311544
2013 03 17 22 24 00 0    -5.42867781     0.30383799    -0.27354086
2013 03 17 22 25 00 0    -5.43857662     0.28591678    -0.27396168
2013 03 17 22 26 00 0    -5.44829016     0.26798515    -0.27437776
2013 03 17 22 27 00 0    -5.45781900     0.25004373    -0.27478897
2013 03 17 22 28 00 0    -5.46716371     0.23209317    -0.27519517
2013 03 17 22 29 00 0    -5.47632483     0.21413410    -0.27559624
2013 03 17 22 30 00 0    -5.48530290     0.19616716    -0.27599202
2013 03 17 22 31 00 0    -5.49409845     0.17819296    -0.27638239
2013 03 17 22 32 00 0    -5.50271200     0.16021213    -0.27676721
2013 03 17 22 33 00 0    -5.51114406     0.14222528    -0.27714633
2013 03 17 22 34 00 0    -5.51939515     0.12423301    -0.27751961
2013 03 17 22 35 00 0    -5.52746576     0.10623592    -0.27788692
2013 03 17 22 36 00 0    -5.53535638     0.08823461    -0.27824811
2013 03 17 22 37 00 0    -5.54306749     0.07022968    -0.27860304
2013 03 17 22 38 00 0    -5.55059956     0.05222172    -0.27895157
2013 03 17 22 39 00 0    -5.55795307     0.03421130    -0.27929354
2013 03 17 22 40 00 0    -5.56512847     0.01619900    -0.27962882
2013 03 17 22 41 00 0    -5.57212621    -0.00181460    -0.27995726
2013 03 17 22 42 00 0    -5.57894674    -0.01982893    -0.28027871
2013 03 17 22 43 00 0    -5.58559049    -0.03784344    -0.28059303
2013 03 17 22 44 00 0    -5.59205789    -0.05585755    -0.28090007
2013 03 17 22 45 00 0    -5.59834937    -0.07387071    -0.28119967
2013 03 17 22 46 00 0    -5.60446534    -0.09188237    -0.28149170
2013 03 17 22 47 00 0    -5.61040621    -0.10989198    -0.28177601
2013 03 17 22 48 00 0    -5.61617237    -0.12789898    -0.28205244
2013 03 17 22 49 00 0    -5.62176423    -0.14590284    -0.28232084
2013 03 17 22 50 00 0    -5.62718216    -0.16390302    -0.28258107
2013 03 17 22 51 00 0    -5.63242655    -0.18189897    -0.28283297
2013 03 17 22 52 00 0    -5.63749778    -0.19989017    -0.28307639
2013 03 17 22 53 00 0    -5.64239620    -0.21787609    -0.28331118
2013 03 17 22 54 00 0    -5.64712219    -0.23585619    -0.28353719
2013 03 17 22 55 00 0    -5.65167609    -0.25382996    -0.28375428
2013 03 17 22 56 00 0    -5.65605825    -0.27179687    -0.28396227
2013 03 17 22 57 00 0    -5.66026901    -0.28975640    -0.28416103
2013 03 17 22 58 00 0    -5.66430870    -0.30770803    -0.28435040
2013 03 17 22 59 00 0    -5.66817767    -0.32565126    -0.28453023
2013 03 17 23 00 00 0    -5.67187621    -0.34358555    -0.28470037
2013 03 17 23 01 00 0    -5.67540466    -0.36151041    -0.28486065
2013 03 17 23 02 00 0    -5.67876333    -0.37942532    -0.28501094
2013 03 17 23 03 00 0    -5.68195250    -0.39732978    -0.28515107
2013 03 17 23 04 00 0    -5.68497249    -0.41522329    -0.28528089
2013 03 17 23 05 00 0    -5.68782358    -0.43310534    -0.28540026
2013 03 17 23 06 00 0    -5.69050607    -0.45097543    -0.28550901
2013 03 17 23 07 00 0    -5.69302022    -0.46883306    -0.28560699
2013 03 17 23 08 00 0    -5.69536632    -0.48667773    -0.28569406
2013 03 17 23 09 00 0    -5.69754462    -0.50450894    -0.28577005
2013 03 17 23 10 00 0    -5.69955540    -0.52232622    -0.28583482
2013 03 17 23 11 00 0    -5.70139891    -0.54012905    -0.28588820
2013 03 17 23 12 00 0    -5.70307541    -0.55791694    -0.28593006
2013 03 17 23 13 00 0    -5.70458512    -0.57568940    -0.28596023
2013 03 17 23 14 00 0    -5.70592831    -0.59344594    -0.28597856
2013 03 17 23 15 00 0    -5.70710519    -0.61118607    -0.28598490
2013 03 17 23 16 00 0    -5.70811600    -0.62890931    -0.28597911
2013 03 17 23 17 00 0    -5.70896096    -0.64661516    -0.28596102
2013 03 17 23 18 00 0    -5.70964029    -0.66430313    -0.28593048
2013 03 17 23 19 00 0    -5.71015420    -0.68197275    -0.28588735
2013 03 17 23 20 00 0    -5.71050290    -0.69962352    -0.28583147
2013 03 17 23 21 00 0    -5.71068658    -0.71725497    -0.28576269
2013 03 17 23 22 00 0    -5.71070546    -0.73486659    -0.28568087
2013 03 17 23 23 00 0    -5.71055971    -0.75245791    -0.28558584
2013 03 17 23 24 00 0    -5.71024951    -0.77002844    -0.28547747
2013 03 17 23 25 00 0    -5.70977507    -0.78757769    -0.28535560
2013 03 17 23 26 00 0    -5.70913653    -0.80510519    -0.28522009
2013 03 17 23 27 00 0    -5.70833409    -0.82261045    -0.28507078
2013 03 17 23 28 00 0    -5.70736789    -0.84009298    -0.28490753
2013 03 17 23 29 00 0    -5.70623811    -0.85755230    -0.28473019
2013 03 17 23 30 00 0    -5.70494489    -0.87498793    -0.28453861
2013 03 17 23 31 00 0    -5.70348839    -0.89239937    -0.28433265
2013 03 17 23 32 00 0    -5.70186874    -0.90978615    -0.28411216
2013 03 17 23 33 00 0    -5.70008610    -0.92714777    -0.28387700
2013 03 17 23 34 00 0    -5.69814059    -0.94448375    -0.28362702
2013 03 17 23 35 00 0    -5.69603234    -0.96179361    -0.28336207
2013 03 17 23 36 00 0    -5.69376147    -0.97907684    -0.28308203
2013 03 17 23 37 00 0    -5.69132811    -0.99633297    -0.28278673
2013 03 17 23 38 00 0    -5.68873237    -1.01356151    -0.28247604
2013 03 17 23 39 00 0    -5.68597437    -1.03076196    -0.28214982
2013 03 17 23 40 00 0    -5.68305419    -1.04793384    -0.28180793
2013 03 17 23 41 00 0    -5.67997195    -1.06507665    -0.28145022
2013 03 17 23 42 00 0    -5.67670360    -1.08287193    -0.28097082
2013 03 17 23 43 00 0    -5.67329488    -1.09995361    -0.28058036
2013 03 17 23 44 00 0    -5.66972438    -1.11700474    -0.28017368
2013 03 17 23 45 00 0    -5.66599217    -1.13402478    -0.27975064
2013 03 17 23 46 00 0    -5.66209833    -1.15101326    -0.27931110
2013 03 17 23 47 00 0    -5.65804293    -1.16796967    -0.27885492
2013 03 17 23 48 00 0    -5.65382603    -1.18489351    -0.27838198
2013 03 17 23 49 00 0    -5.64944770    -1.20178429    -0.27789214
2013 03 17 23 50 00 0    -5.64490799    -1.21864148    -0.27738527
2013 03 17 23 51 00 0    -5.64020696    -1.23546460    -0.27686123
2013 03 17 23 52 00 0    -5.63534464    -1.25225312    -0.27631989
2013 03 17 23 53 00 0    -5.63032109    -1.26900655    -0.27576114
2013 03 17 23 54 00 0    -5.62513634    -1.28572436    -0.27518483
2013 03 17 23 55 00 0    -5.61979041    -1.30240605    -0.27459084
2013 03 17 23 56 00 0    -5.61428335    -1.31905109    -0.27397904
2013 03 17 23 57 00 0    -5.60861518    -1.33565897    -0.27334932
2013 03 17 23 58 00 0    -5.60278590    -1.35222916    -0.27270154
2013 03 17 23 59 00 0    -5.59679553    -1.36876115    -0.27203558
